1732328488684 2.0758 0
1732328499582 1.98106 1
1732328510280 1.97397 2
1732328520909 1.91776 3
1732328531632 1.88174 4
1732328542304 1.83998 5
1732328552917 1.80802 6
1732328563543 1.79684 7
1732328574068 1.80218 8
1732328584600 1.77929 9
1732328595133 1.7506 10
1732328605713 1.74635 11
1732328616308 1.71263 12
1732328626878 1.70793 13
1732328637498 1.6766 14
1732328648057 1.66747 15
1732328658650 1.63748 16
1732328669253 1.63858 17
1732328679745 1.61265 18
1732328690268 1.59806 19
1732328701789 1.67786 20
1732328712377 1.5963 21
1732328722839 1.58051 22
1732328733341 1.55494 23
1732328743877 1.51367 24
1732328754374 1.51513 25
1732328764862 1.45719 26
1732328775335 1.44022 27
1732328785812 1.4189 28
1732328796336 1.3965 29
