1732328488684 3.91662 0
1732328499582 3.08197 1
1732328510280 2.8737 2
1732328520909 2.73246 3
1732328531632 2.64585 4
1732328542304 2.5638 5
1732328552917 2.45962 6
1732328563543 2.43179 7
1732328574068 2.38309 8
1732328584600 2.34383 9
1732328595133 2.289 10
1732328605713 2.25037 11
1732328616308 2.22503 12
1732328626878 2.18582 13
1732328637498 2.13127 14
1732328648057 2.13198 15
1732328658650 2.08407 16
1732328669253 2.04398 17
1732328679745 2.01962 18
1732328690268 1.98826 19
1732328701789 2.19566 20
1732328712377 2.09944 21
1732328722839 2.03618 22
1732328733341 1.9742 23
1732328743877 1.91073 24
1732328754374 1.8765 25
1732328764862 1.81413 26
1732328775335 1.78465 27
1732328785812 1.76149 28
1732328796336 1.73651 29
