1732328488684 1.98529 0
1732328499582 1.93393 1
1732328510280 1.94931 2
1732328520909 1.90885 3
1732328531632 1.89956 4
1732328542304 1.8944 5
1732328552917 1.86768 6
1732328563543 1.84485 7
1732328574068 1.80893 8
1732328584600 1.80468 9
1732328595133 1.79451 10
1732328605713 1.79377 11
1732328616308 1.77701 12
1732328626878 1.74769 13
1732328637498 1.73764 14
1732328648057 1.72559 15
1732328658650 1.69527 16
1732328669253 1.6952 17
1732328679745 1.67449 18
1732328690268 1.68006 19
1732328701789 1.78555 20
1732328712377 1.76698 21
1732328722839 1.75336 22
1732328733341 1.71303 23
1732328743877 1.69329 24
1732328754374 1.68471 25
1732328764862 1.64455 26
1732328775335 1.63389 27
1732328785812 1.60978 28
1732328796336 1.59112 29
