1732219091797 0.0003009103448275862 0
1732219114251 0.00059195292 1
1732219136282 0.0008709966951724136 2
1732219158320 0.0008550054 3
1732219180239 0.0008370072 4
1732219202362 0.000819009 5
1732219224366 0.0008010108 6
1732219246937 0.0007830125999999999 7
1732219269537 0.0007650144 8
1732219292062 0.0007470162 9
1732219314813 0.000729018 10
1732219336976 0.0007110198 11
1732219359084 0.0006930215999999999 12
1732219381273 0.0006750234 13
1732219403787 0.0006570252 14
1732219425951 0.0006390269999999999 15
1732219448015 0.0006210287999999999 16
1732219469992 0.0006030305999999998 17
1732219491967 0.0005850324 18
1732219513918 0.0005670342 19
1732219535820 0.0005490359999999999 20
1732219557927 0.0005310378 21
1732219580784 0.0005130396 22
1732219602934 0.0004950414 23
1732219625273 0.00047704320000000003 24
1732219647869 0.000459045 25
1732219669997 0.00044104679999999995 26
1732219691910 0.00042304859999999997 27
1732219713944 0.0004050503999999999 28
1732219736512 0.00038705220000000005 29
1732219758650 0.000369054 30
1732219780781 0.00035105579999999997 31
1732219803020 0.0003330576 32
1732219825731 0.00031505939999999994 33
1732219848122 0.00029706119999999995 34
1732219870711 0.000279063 35
1732219893173 0.0002610648 36
1732219915560 0.00024306660000000002 37
1732219937733 0.00022506839999999998 38
1732219959831 0.00020707019999999997 39
1732219982357 0.00018907199999999995 40
1732220004546 0.00017107380000000005 41
1732220026450 0.00015307560000000004 42
1732220048455 0.0001350774 43
1732220070530 0.0001170792 44
1732220092453 9.908099999999997e-05 45
1732220114457 8.108279999999995e-05 46
1732220136532 6.308460000000004e-05 47
1732220158547 4.5086400000000036e-05 48
1732220181062 2.708820000000002e-05 49
