1732328489368 0.13073 0
1732328500363 0.15231 1
1732328511041 0.14393 2
1732328521730 0.168 3
1732328532396 0.28051 4
1732328543046 0.26067 5
1732328553664 0.3286 6
1732328564213 0.28241 7
1732328574741 0.27847 8
1732328585305 0.4608 9
1732328595819 0.32404 10
1732328606406 0.46246 11
1732328616967 0.37332 12
1732328627552 0.4818 13
1732328638171 0.36345 14
1732328648751 0.63472 15
1732328659313 0.37164 16
1732328669906 0.49121 17
1732328680398 0.49004 18
1732328690935 0.57361 19
1732328702491 0.51937 20
1732328713028 0.47889 21
1732328723497 0.51826 22
1732328733999 0.50152 23
1732328744530 0.51516 24
1732328755045 0.47694 25
1732328765513 0.45791 26
1732328775982 0.49066 27
1732328786468 0.49919 28
1732328796994 0.49302 29
1732328801114 0.6345989754920774 29
