1732328489368 0.04929 0
1732328500363 0.05836 1
1732328511041 0.06715 2
1732328521730 0.06727 3
1732328532396 0.0772 4
1732328543046 0.13674 5
1732328553664 0.15888 6
1732328564213 0.12862 7
1732328574741 0.13508 8
1732328585305 0.21436 9
1732328595819 0.15689 10
1732328606406 0.23032 11
1732328616967 0.20336 12
1732328627552 0.1988 13
1732328638171 0.20046 14
1732328648751 0.28555 15
1732328659313 0.17872 16
1732328669906 0.25673 17
1732328680398 0.22472 18
1732328690935 0.25904 19
1732328702491 0.25927 20
1732328713028 0.23528 21
1732328723497 0.27656 22
1732328733999 0.26167 23
1732328744530 0.29352 24
1732328755045 0.26193 25
1732328765513 0.26673 26
1732328775982 0.26255 27
1732328786468 0.27238 28
1732328796994 0.27169 29
1732328801114 0.2857652078252074 29
