1732328489368 0.92003 0
1732328500363 0.59759 1
1732328511041 0.55183 2
1732328521730 0.47797 3
1732328532396 0.46976 4
1732328543046 0.52043 5
1732328553664 0.69755 6
1732328564213 0.38384 7
1732328574741 0.54276 8
1732328585305 0.52379 9
1732328595819 0.61384 10
1732328606406 0.71917 11
1732328616967 0.76744 12
1732328627552 0.53642 13
1732328638171 0.61417 14
1732328648751 0.48578 15
1732328659313 0.26699 16
1732328669906 0.39313 17
1732328680398 0.46839 18
1732328690935 0.67154 19
1732328702491 0.61036 20
1732328713028 0.62526 21
1732328723497 0.70278 22
1732328733999 0.67125 23
1732328744530 0.66709 24
1732328755045 0.63635 25
1732328765513 0.42766 26
1732328775982 0.45284 27
1732328786468 0.56523 28
1732328796994 0.47832 29
1732328801114 0.4876139151583863 29
