1732328489368 0.07143 0
1732328500363 0.14077 1
1732328511041 0.23388 2
1732328521730 0.15542 3
1732328532396 0.165 4
1732328543046 0.32319 5
1732328553664 0.29651 6
1732328564213 0.3549 7
1732328574741 0.38937 8
1732328585305 0.47229 9
1732328595819 0.35389 10
1732328606406 0.31635 11
1732328616967 0.3526 12
1732328627552 0.55809 13
1732328638171 0.32546 14
1732328648751 0.71852 15
1732328659313 0.54828 16
1732328669906 0.58046 17
1732328680398 0.51332 18
1732328690935 0.50763 19
1732328702491 0.51537 20
1732328713028 0.52117 21
1732328723497 0.47796 22
1732328733999 0.48341 23
1732328744530 0.49133 24
1732328755045 0.48714 25
1732328765513 0.51133 26
1732328775982 0.54443 27
1732328786468 0.47617 28
1732328796994 0.49474 29
1732328801114 0.7185204081632653 29
