1732164592824 0.02138 0
1732164669805 0.10605 1
1732164746499 0.09389 2
1732164823186 0.1832 3
1732164899798 0.14222 4
1732164976493 0.20161 5
1732165053462 0.2109 6
1732165130034 0.09444 7
1732165206694 0.24224 8
1732165283175 0.19729 9
1732165359746 0.22633 10
1732165436282 0.21164 11
1732165513058 0.23585 12
1732165589822 0.23547 13
1732165666560 0.37708 14
1732165743136 0.24358 15
1732165819735 0.29223 16
1732165896371 0.31197 17
1732165973082 0.31678 18
1732166049694 0.29837 19
1732166126332 0.2778 20
1732166203051 0.3838 21
1732166279637 0.32185 22
1732166356226 0.33638 23
1732166432832 0.33943 24
1732166509450 0.36791 25
1732166585965 0.36888 26
1732166662604 0.35668 27
1732166739161 0.34073 28
1732166815895 0.37103 29
1732166892510 0.36384 30
1732166969140 0.3549 31
1732167046026 0.40775 32
1732167122675 0.35362 33
1732167199344 0.38664 34
1732167276027 0.40365 35
1732167352801 0.44712 36
1732167430072 0.50504 37
1732167506602 0.42396 38
1732167583452 0.40162 39
1732167660779 0.45827 40
1732167737187 0.42472 41
1732167813556 0.46119 42
1732167889934 0.42056 43
1732167966268 0.46856 44
1732168042549 0.4125 45
1732168118903 0.40866 46
1732168195272 0.42007 47
1732168271702 0.43087 48
1732168348059 0.42515 49
1732168353315 0.4312412947743166 49
