1732164592824 0.00532 0
1732164669805 0.04217 1
1732164746499 0.02191 2
1732164823186 0.06692 3
1732164899798 0.04411 4
1732164976493 0.07274 5
1732165053462 0.08174 6
1732165130034 0.02846 7
1732165206694 0.09114 8
1732165283175 0.06724 9
1732165359746 0.07545 10
1732165436282 0.06741 11
1732165513058 0.08522 12
1732165589822 0.08759 13
1732165666560 0.12172 14
1732165743136 0.07332 15
1732165819735 0.12262 16
1732165896371 0.10628 17
1732165973082 0.11637 18
1732166049694 0.09728 19
1732166126332 0.0952 20
1732166203051 0.13266 21
1732166279637 0.11989 22
1732166356226 0.12669 23
1732166432832 0.11531 24
1732166509450 0.13028 25
1732166585965 0.12202 26
1732166662604 0.12627 27
1732166739161 0.11679 28
1732166815895 0.14827 29
1732166892510 0.14085 30
1732166969140 0.12418 31
1732167046026 0.15131 32
1732167122675 0.14383 33
1732167199344 0.13604 34
1732167276027 0.1524 35
1732167352801 0.15904 36
1732167430072 0.1595 37
1732167506602 0.15906 38
1732167583452 0.14239 39
1732167660779 0.16383 40
1732167737187 0.15761 41
1732167813556 0.15281 42
1732167889934 0.14999 43
1732167966268 0.16089 44
1732168042549 0.14919 45
1732168118903 0.15916 46
1732168195272 0.16481 47
1732168271702 0.16927 48
1732168348059 0.16977 49
1732168353315 0.16936344390700464 49
