1732164592824 0.54017 0
1732164669805 0.13649 1
1732164746499 0.13289 2
1732164823186 0.71932 3
1732164899798 0.62179 4
1732164976493 0.7959 5
1732165053462 0.41081 6
1732165130034 0.15917 7
1732165206694 0.44123 8
1732165283175 0.24632 9
1732165359746 0.2508 10
1732165436282 0.2352 11
1732165513058 0.72665 12
1732165589822 0.40176 13
1732165666560 0.44851 14
1732165743136 0.32652 15
1732165819735 0.64044 16
1732165896371 0.35676 17
1732165973082 0.41368 18
1732166049694 0.28871 19
1732166126332 0.22584 20
1732166203051 0.36512 21
1732166279637 0.21848 22
1732166356226 0.28902 23
1732166432832 0.2681 24
1732166509450 0.26379 25
1732166585965 0.36988 26
1732166662604 0.31975 27
1732166739161 0.276 28
1732166815895 0.32322 29
1732166892510 0.37214 30
1732166969140 0.3414 31
1732167046026 0.33061 32
1732167122675 0.31881 33
1732167199344 0.40795 34
1732167276027 0.33485 35
1732167352801 0.42994 36
1732167430072 0.45331 37
1732167506602 0.42891 38
1732167583452 0.38957 39
1732167660779 0.49109 40
1732167737187 0.43295 41
1732167813556 0.46544 42
1732167889934 0.42782 43
1732167966268 0.4552 44
1732168042549 0.4495 45
1732168118903 0.52131 46
1732168195272 0.54307 47
1732168271702 0.59503 48
1732168348059 0.54635 49
1732168353315 0.5952129794829202 49
