1732164592824 0.03659 0
1732164669805 0.13205 1
1732164746499 0.28135 2
1732164823186 0.13415 3
1732164899798 0.12195 4
1732164976493 0.13415 5
1732165053462 0.15592 6
1732165130034 0.28135 7
1732165206694 0.30341 8
1732165283175 0.30537 9
1732165359746 0.37882 10
1732165436282 0.41131 11
1732165513058 0.19512 12
1732165589822 0.1392 13
1732165666560 0.37977 14
1732165743136 0.29355 15
1732165819735 0.2669 16
1732165896371 0.34023 17
1732165973082 0.23389 18
1732166049694 0.40779 19
1732166126332 0.46919 20
1732166203051 0.47906 21
1732166279637 0.4862 22
1732166356226 0.36569 23
1732166432832 0.50554 24
1732166509450 0.52226 25
1732166585965 0.45886 26
1732166662604 0.44161 27
1732166739161 0.53166 28
1732166815895 0.44752 29
1732166892510 0.43726 30
1732166969140 0.48325 31
1732167046026 0.51424 32
1732167122675 0.47906 33
1732167199344 0.31498 34
1732167276027 0.51355 35
1732167352801 0.51146 36
1732167430072 0.52661 37
1732167506602 0.41008 38
1732167583452 0.46558 39
1732167660779 0.45827 40
1732167737187 0.49125 41
1732167813556 0.49002 42
1732167889934 0.45807 43
1732167966268 0.45664 44
1732168042549 0.45763 45
1732168118903 0.42313 46
1732168195272 0.4313 47
1732168271702 0.39665 48
1732168348059 0.41599 49
1732168353315 0.39664942103966494 49
