1732157839107 2.14371 0
1732157856523 2.14447 1
1732157872469 2.16303 2
1732157888297 2.14549 3
1732157904189 2.05423 4
1732157920087 2.02408 5
1732157935947 1.99476 6
1732157951919 1.94711 7
1732157967776 1.9342 8
1732157983751 1.91901 9
1732157999771 1.8849 10
1732158015632 1.88202 11
1732158031556 1.84174 12
1732158047474 1.83988 13
1732158063337 1.80372 14
1732158079284 1.81152 15
1732158095148 1.80987 16
1732158111008 1.80201 17
1732158126894 1.80727 18
1732158142739 1.76642 19
1732158158711 1.74536 20
1732158174638 1.72045 21
1732158190538 1.72513 22
1732158206422 1.72226 23
1732158222315 1.71266 24
1732158238303 1.72362 25
1732158254180 1.68881 26
1732158270054 1.68832 27
1732158285970 1.66615 28
1732158301861 1.64852 29
1732158317762 1.64915 30
1732158333739 1.65442 31
1732158349728 1.62224 32
1732158365673 1.63634 33
1732158381580 1.62167 34
1732158397451 1.59507 35
1732158413314 1.5851 36
1732158429274 1.59945 37
1732158445151 1.56488 38
1732158461106 1.5521 39
1732158477740 1.61397 40
1732158493588 1.55509 41
1732158509402 1.54073 42
1732158525340 1.51117 43
1732158541136 1.49567 44
1732158556951 1.48751 45
1732158572785 1.47618 46
1732158588686 1.42948 47
1732158604507 1.43924 48
1732158620362 1.4308 49
