1732157839107 3.58661 0
1732157856523 2.63001 1
1732157872469 2.66575 2
1732157888297 2.59791 3
1732157904189 2.5112 4
1732157920087 2.46884 5
1732157935947 2.42677 6
1732157951919 2.43565 7
1732157967776 2.37484 8
1732157983751 2.3023 9
1732157999771 2.29007 10
1732158015632 2.25325 11
1732158031556 2.25549 12
1732158047474 2.23929 13
1732158063337 2.20745 14
1732158079284 2.21016 15
1732158095148 2.18646 16
1732158111008 2.16903 17
1732158126894 2.17124 18
1732158142739 2.14578 19
1732158158711 2.10749 20
1732158174638 2.08916 21
1732158190538 2.10644 22
1732158206422 2.07601 23
1732158222315 2.06311 24
1732158238303 2.0301 25
1732158254180 2.02646 26
1732158270054 1.98662 27
1732158285970 2.0023 28
1732158301861 1.98306 29
1732158317762 1.97488 30
1732158333739 1.97721 31
1732158349728 1.95289 32
1732158365673 1.94702 33
1732158381580 1.89986 34
1732158397451 1.88584 35
1732158413314 1.88602 36
1732158429274 1.89498 37
1732158445151 1.84155 38
1732158461106 1.81763 39
1732158477740 1.94826 40
1732158493588 1.84647 41
1732158509402 1.81998 42
1732158525340 1.74939 43
1732158541136 1.74209 44
1732158556951 1.75117 45
1732158572785 1.68794 46
1732158588686 1.63441 47
1732158604507 1.62583 48
1732158620362 1.61046 49
