1732157839107 2.11319 0
1732157856523 2.11026 1
1732157872469 2.11885 2
1732157888297 2.14125 3
1732157904189 2.06967 4
1732157920087 2.02494 5
1732157935947 1.97657 6
1732157951919 1.98148 7
1732157967776 1.98475 8
1732157983751 1.95734 9
1732157999771 1.91452 10
1732158015632 1.89931 11
1732158031556 1.89703 12
1732158047474 1.90187 13
1732158063337 1.8475 14
1732158079284 1.87841 15
1732158095148 1.85388 16
1732158111008 1.84771 17
1732158126894 1.8492 18
1732158142739 1.82328 19
1732158158711 1.81876 20
1732158174638 1.79322 21
1732158190538 1.80911 22
1732158206422 1.78618 23
1732158222315 1.78332 24
1732158238303 1.79922 25
1732158254180 1.77825 26
1732158270054 1.76957 27
1732158285970 1.73897 28
1732158301861 1.73464 29
1732158317762 1.73913 30
1732158333739 1.7366 31
1732158349728 1.73054 32
1732158365673 1.74504 33
1732158381580 1.7026 34
1732158397451 1.68666 35
1732158413314 1.69803 36
1732158429274 1.69209 37
1732158445151 1.67965 38
1732158461106 1.66713 39
1732158477740 1.77755 40
1732158493588 1.74075 41
1732158509402 1.72435 42
1732158525340 1.70291 43
1732158541136 1.69011 44
1732158556951 1.69607 45
1732158572785 1.67014 46
1732158588686 1.64126 47
1732158604507 1.65064 48
1732158620362 1.6348 49
