1732300692976 2.1348 0
1732300713402 2.00357 1
1732300731262 2.00478 2
1732300748637 1.98707 3
1732300765772 1.95638 4
1732300782806 1.92657 5
1732300799823 1.87017 6
1732300816856 1.85276 7
1732300833963 1.85845 8
1732300851057 1.82934 9
1732300868213 1.82066 10
1732300885271 1.80399 11
1732300902577 1.77767 12
1732300919916 1.75972 13
1732300936986 1.75123 14
1732300954033 1.73367 15
1732300971368 1.72181 16
1732300988453 1.68876 17
1732301005490 1.68731 18
1732301022545 1.66673 19
1732301039796 1.66267 20
1732301056834 1.66646 21
1732301073856 1.66069 22
1732301090990 1.63363 23
1732301108147 1.64187 24
1732301125209 1.62133 25
1732301142228 1.6365 26
1732301159294 1.60497 27
1732301176333 1.57784 28
1732301193444 1.58719 29
1732301210694 1.57618 30
1732301227807 1.55938 31
1732301244867 1.53638 32
1732301262005 1.52789 33
1732301279064 1.51285 34
1732301296115 1.49705 35
1732301313166 1.46826 36
1732301330297 1.4906 37
1732301347414 1.46905 38
1732301364527 1.44198 39
1732301381574 1.45209 40
1732301398713 1.42307 41
1732301415753 1.42237 42
1732301432899 1.3976 43
1732301450087 1.40588 44
1732301467150 1.36784 45
1732301484260 1.38334 46
1732301501317 1.35435 47
1732301518363 1.35421 48
1732301535450 1.33224 49
1732301552524 1.29455 50
1732301569638 1.28517 51
1732301586759 1.28003 52
1732301603835 1.29329 53
1732301620865 1.25816 54
1732301637976 1.23473 55
1732301655057 1.23413 56
1732301672112 1.24039 57
1732301689168 1.20223 58
1732301706254 1.21694 59
1732301724141 1.18131 60
1732301741188 1.14412 61
1732301758178 1.113 62
1732301775207 1.07878 63
1732301792202 1.05475 64
1732301809399 1.0346 65
1732301826307 1.0095 66
1732301843270 1.01021 67
1732301860288 0.97866 68
1732301877334 0.99035 69
