1732300692976 3.60424 0
1732300713402 2.66219 1
1732300731262 2.55304 2
1732300748637 2.47566 3
1732300765772 2.41262 4
1732300782806 2.40351 5
1732300799823 2.31525 6
1732300816856 2.31356 7
1732300833963 2.25621 8
1732300851057 2.30104 9
1732300868213 2.2497 10
1732300885271 2.18506 11
1732300902577 2.18822 12
1732300919916 2.14466 13
1732300936986 2.08709 14
1732300954033 2.12405 15
1732300971368 2.0775 16
1732300988453 2.02692 17
1732301005490 2.00767 18
1732301022545 2.01829 19
1732301039796 2.00077 20
1732301056834 1.97419 21
1732301073856 1.94742 22
1732301090990 1.96213 23
1732301108147 1.92735 24
1732301125209 1.91525 25
1732301142228 1.94514 26
1732301159294 1.86455 27
1732301176333 1.81161 28
1732301193444 1.84409 29
1732301210694 1.78145 30
1732301227807 1.79201 31
1732301244867 1.77547 32
1732301262005 1.7437 33
1732301279064 1.69806 34
1732301296115 1.65603 35
1732301313166 1.65679 36
1732301330297 1.61642 37
1732301347414 1.61467 38
1732301364527 1.60026 39
1732301381574 1.57809 40
1732301398713 1.53376 41
1732301415753 1.54299 42
1732301432899 1.51778 43
1732301450087 1.48242 44
1732301467150 1.43855 45
1732301484260 1.44635 46
1732301501317 1.42038 47
1732301518363 1.42035 48
1732301535450 1.37397 49
1732301552524 1.35327 50
1732301569638 1.30711 51
1732301586759 1.29352 52
1732301603835 1.3032 53
1732301620865 1.2863 54
1732301637976 1.23206 55
1732301655057 1.22994 56
1732301672112 1.23384 57
1732301689168 1.18172 58
1732301706254 1.1873 59
1732301724141 1.21079 60
1732301741188 1.09591 61
1732301758178 1.02171 62
1732301775207 0.98375 63
1732301792202 0.95586 64
1732301809399 0.91218 65
1732301826307 0.91036 66
1732301843270 0.89397 67
1732301860288 0.85246 68
1732301877334 0.8702 69
