1732300692976 2.06258 0
1732300713402 1.96428 1
1732300731262 1.99313 2
1732300748637 1.97076 3
1732300765772 1.96203 4
1732300782806 1.95502 5
1732300799823 1.91224 6
1732300816856 1.89561 7
1732300833963 1.88294 8
1732300851057 1.88755 9
1732300868213 1.88899 10
1732300885271 1.84992 11
1732300902577 1.85406 12
1732300919916 1.82219 13
1732300936986 1.82538 14
1732300954033 1.7978 15
1732300971368 1.78411 16
1732300988453 1.76937 17
1732301005490 1.75616 18
1732301022545 1.76204 19
1732301039796 1.73972 20
1732301056834 1.74869 21
1732301073856 1.74144 22
1732301090990 1.75024 23
1732301108147 1.7337 24
1732301125209 1.72639 25
1732301142228 1.73195 26
1732301159294 1.68772 27
1732301176333 1.67016 28
1732301193444 1.67487 29
1732301210694 1.66615 30
1732301227807 1.65711 31
1732301244867 1.63597 32
1732301262005 1.6455 33
1732301279064 1.60956 34
1732301296115 1.62115 35
1732301313166 1.59216 36
1732301330297 1.5999 37
1732301347414 1.58466 38
1732301364527 1.57423 39
1732301381574 1.57281 40
1732301398713 1.55066 41
1732301415753 1.56778 42
1732301432899 1.54472 43
1732301450087 1.53458 44
1732301467150 1.4978 45
1732301484260 1.50949 46
1732301501317 1.5 47
1732301518363 1.50838 48
1732301535450 1.48164 49
1732301552524 1.4634 50
1732301569638 1.42794 51
1732301586759 1.43607 52
1732301603835 1.43824 53
1732301620865 1.42218 54
1732301637976 1.40946 55
1732301655057 1.40589 56
1732301672112 1.41264 57
1732301689168 1.38247 58
1732301706254 1.37263 59
1732301724141 1.42488 60
1732301741188 1.3853 61
1732301758178 1.37701 62
1732301775207 1.33559 63
1732301792202 1.30777 64
1732301809399 1.30721 65
1732301826307 1.29612 66
1732301843270 1.29367 67
1732301860288 1.27515 68
1732301877334 1.28436 69
