1732302115781 0.0002984776119402985 0
1732302133141 0.0005955229835820895 1
1732302150563 0.0008865689552238806 2
1732302167927 0.0008820026999999999 3
1732302185291 0.0008730035999999999 4
1732302202472 0.0008640045 5
1732302219816 0.0008550054 6
1732302236930 0.0008460062999999999 7
1732302254294 0.0008370072 8
1732302271536 0.0008280081 9
1732302288780 0.000819009 10
1732302306087 0.0008100099 11
1732302323339 0.0008010108 12
1732302340434 0.0007920116999999999 13
1732302357607 0.0007830125999999999 14
1732302374688 0.0007740135 15
1732302391812 0.0007650144 16
1732302408982 0.0007560153 17
1732302426265 0.0007470162 18
1732302443454 0.0007380171 19
1732302460824 0.000729018 20
1732302477956 0.0007200189 21
1732302495063 0.0007110198 22
1732302512328 0.0007020206999999999 23
1732302529446 0.0006930215999999999 24
1732302546517 0.0006840224999999999 25
1732302563579 0.0006750234 26
1732302580791 0.0006660243 27
1732302597940 0.0006570252 28
1732302615148 0.0006480260999999999 29
1732302632276 0.0006390269999999999 30
1732302649513 0.0006300278999999999 31
1732302666618 0.0006210287999999999 32
1732302683765 0.0006120296999999999 33
1732302700861 0.0006030305999999998 34
1732302717988 0.0005940314999999999 35
1732302735171 0.0005850324 36
1732302752368 0.0005760333 37
1732302769584 0.0005670342 38
1732302786745 0.0005580350999999999 39
1732302803852 0.0005490359999999999 40
1732302820984 0.0005400369 41
1732302838034 0.0005310378 42
1732302855111 0.0005220387 43
1732302872221 0.0005130396 44
1732302889410 0.0005040404999999999 45
1732302906604 0.0004950414 46
1732302923769 0.00048604230000000005 47
1732302940895 0.00047704320000000003 48
1732302958270 0.0004680441 49
1732302975374 0.000459045 50
1732302992545 0.0004500459 51
1732303009854 0.00044104679999999995 52
1732303027021 0.0004320477 53
1732303044129 0.00042304859999999997 54
1732303061404 0.00041404949999999995 55
1732303078658 0.0004050503999999999 56
1732303095783 0.0003960513 57
1732303112867 0.00038705220000000005 58
1732303130153 0.00037805310000000003 59
1732303147224 0.000369054 60
1732303164308 0.0003600549 61
1732303181355 0.00035105579999999997 62
1732303198468 0.0003420567 63
1732303215581 0.0003330576 64
1732303232651 0.00032405849999999996 65
1732303249865 0.00031505939999999994 66
1732303266955 0.0003060602999999999 67
1732303284031 0.00029706119999999995 68
1732303301174 0.00028806210000000004 69
1732303318209 0.000279063 70
1732303335300 0.0002700639 71
1732303352365 0.0002610648 72
1732303369445 0.0002520657 73
1732303386518 0.00024306660000000002 74
1732303403568 0.0002340675 75
1732303420663 0.00022506839999999998 76
1732303437747 0.0002160693 77
1732303454758 0.00020707019999999997 78
1732303471839 0.00019807109999999997 79
1732303488971 0.00018907199999999995 80
1732303506056 0.00018007289999999993 81
1732303523136 0.00017107380000000005 82
1732303540272 0.00016207470000000003 83
1732303557348 0.00015307560000000004 84
1732303574479 0.00014407650000000002 85
1732303591575 0.0001350774 86
1732303608721 0.0001260783 87
1732303625887 0.0001170792 88
1732303643055 0.00010808009999999998 89
1732303660979 9.908099999999997e-05 90
1732303678112 9.008189999999996e-05 91
1732303695200 8.108279999999995e-05 92
1732303712222 7.208369999999995e-05 93
1732303729189 6.308460000000004e-05 94
1732303746194 5.408550000000004e-05 95
1732303763224 4.5086400000000036e-05 96
1732303780304 3.608730000000002e-05 97
1732303797489 2.708820000000002e-05 98
1732303814529 1.8089100000000006e-05 99
