1732324360537 2.0758 0
1732324371728 1.97705 1
1732324382433 1.96249 2
1732324393021 1.94181 3
1732324403571 1.89592 4
1732324414166 1.84573 5
1732324424771 1.82418 6
1732324435360 1.82179 7
1732324445933 1.79592 8
1732324456492 1.79028 9
1732324466978 1.75785 10
1732324477488 1.75486 11
1732324488076 1.72984 12
1732324498651 1.73262 13
1732324509211 1.70554 14
1732324519742 1.70186 15
1732324530349 1.68211 16
1732324540871 1.6774 17
1732324551352 1.66353 18
1732324561928 1.63677 19
1732324572523 1.63308 20
1732324583081 1.62353 21
1732324593574 1.62214 22
1732324604160 1.60456 23
1732324614684 1.58733 24
1732324625225 1.57564 25
1732324635750 1.60184 26
1732324646293 1.56099 27
1732324656859 1.55205 28
1732324667376 1.55213 29
1732324677905 1.53639 30
1732324688422 1.52427 31
1732324698966 1.50216 32
1732324709507 1.49319 33
1732324720025 1.48136 34
1732324730539 1.46086 35
1732324741073 1.44979 36
1732324751623 1.45192 37
1732324762138 1.43251 38
1732324772620 1.41046 39
1732324784053 1.44913 40
1732324794578 1.37425 41
1732324805032 1.36328 42
1732324815477 1.32798 43
1732324825950 1.30485 44
1732324836401 1.29875 45
1732324846827 1.26402 46
1732324857319 1.24846 47
1732324867768 1.26085 48
1732324878211 1.24361 49
