1732324360537 3.91662 0
1732324371728 3.08547 1
1732324382433 2.87426 2
1732324393021 2.71167 3
1732324403571 2.6416 4
1732324414166 2.53272 5
1732324424771 2.48206 6
1732324435360 2.44638 7
1732324445933 2.38753 8
1732324456492 2.36719 9
1732324466978 2.33347 10
1732324477488 2.26973 11
1732324488076 2.24681 12
1732324498651 2.20618 13
1732324509211 2.17154 14
1732324519742 2.16771 15
1732324530349 2.12454 16
1732324540871 2.07663 17
1732324551352 2.06778 18
1732324561928 2.05093 19
1732324572523 2.0595 20
1732324583081 2.01072 21
1732324593574 2.00919 22
1732324604160 1.99506 23
1732324614684 1.95885 24
1732324625225 1.93377 25
1732324635750 1.9649 26
1732324646293 1.89146 27
1732324656859 1.82383 28
1732324667376 1.86589 29
1732324677905 1.81203 30
1732324688422 1.79658 31
1732324698966 1.77553 32
1732324709507 1.73987 33
1732324720025 1.7086 34
1732324730539 1.6597 35
1732324741073 1.66601 36
1732324751623 1.63689 37
1732324762138 1.62451 38
1732324772620 1.59595 39
1732324784053 1.71834 40
1732324794578 1.5846 41
1732324805032 1.52417 42
1732324815477 1.46413 43
1732324825950 1.44106 44
1732324836401 1.41801 45
1732324846827 1.37804 46
1732324857319 1.34233 47
1732324867768 1.33311 48
1732324878211 1.30468 49
