1732324360537 1.98529 0
1732324371728 1.92262 1
1732324382433 1.94561 2
1732324393021 1.91636 3
1732324403571 1.89146 4
1732324414166 1.85991 5
1732324424771 1.8688 6
1732324435360 1.83658 7
1732324445933 1.8257 8
1732324456492 1.8207 9
1732324466978 1.80832 10
1732324477488 1.80678 11
1732324488076 1.7814 12
1732324498651 1.76805 13
1732324509211 1.76545 14
1732324519742 1.75529 15
1732324530349 1.72662 16
1732324540871 1.72209 17
1732324551352 1.71865 18
1732324561928 1.718 19
1732324572523 1.69791 20
1732324583081 1.69434 21
1732324593574 1.69976 22
1732324604160 1.70281 23
1732324614684 1.67594 24
1732324625225 1.67851 25
1732324635750 1.68634 26
1732324646293 1.64867 27
1732324656859 1.62886 28
1732324667376 1.63561 29
1732324677905 1.63191 30
1732324688422 1.60273 31
1732324698966 1.59287 32
1732324709507 1.5846 33
1732324720025 1.57282 34
1732324730539 1.55961 35
1732324741073 1.5556 36
1732324751623 1.54147 37
1732324762138 1.53305 38
1732324772620 1.52013 39
1732324784053 1.64126 40
1732324794578 1.56819 41
1732324805032 1.55809 42
1732324815477 1.50862 43
1732324825950 1.5138 44
1732324836401 1.50814 45
1732324846827 1.47034 46
1732324857319 1.4578 47
1732324867768 1.47151 48
1732324878211 1.4476 49
