1732213472487 2.40705 0
1732213486281 2.21909 1
1732213496675 2.21642 2
1732213506600 2.19467 3
1732213516554 2.21915 4
1732213526744 2.16352 5
1732213536725 2.14847 6
1732213546900 2.1027 7
1732213556832 2.07702 8
1732213566916 2.06107 9
1732213577132 2.03975 10
1732213587198 2.05203 11
1732213597139 1.98887 12
1732213607081 1.99225 13
1732213617001 1.97246 14
1732213626954 1.97847 15
1732213636843 1.95164 16
1732213646705 1.91764 17
1732213656648 1.88885 18
1732213666655 1.88278 19
1732213676576 1.91697 20
1732213686521 1.89557 21
1732213696887 1.86683 22
1732213706833 1.83693 23
1732213716965 1.84719 24
1732213727075 1.79885 25
1732213737080 1.78171 26
1732213746929 1.77114 27
1732213756788 1.7964 28
1732213766668 1.7668 29
1732213776563 1.73123 30
1732213786608 1.69352 31
1732213796474 1.6908 32
1732213806330 1.69664 33
1732213816216 1.66408 34
1732213826133 1.67132 35
1732213836076 1.64364 36
1732213845951 1.63738 37
1732213855795 1.62845 38
1732213865637 1.62149 39
1732213876287 1.70652 40
1732213886152 1.63197 41
1732213895974 1.62843 42
1732213905806 1.60888 43
1732213915585 1.58828 44
1732213925412 1.55236 45
1732213935200 1.56907 46
1732213945014 1.56004 47
1732213954811 1.52973 48
1732213964615 1.53803 49
