1732213472487 3.99102 0
1732213486281 2.61609 1
1732213496675 2.43437 2
1732213506600 2.29003 3
1732213516554 2.29322 4
1732213526744 2.25912 5
1732213536725 2.06758 6
1732213546900 2.02109 7
1732213556832 1.99497 8
1732213566916 2.01522 9
1732213577132 1.91054 10
1732213587198 1.89975 11
1732213597139 1.84478 12
1732213607081 1.82998 13
1732213617001 1.80385 14
1732213626954 1.87151 15
1732213636843 1.76569 16
1732213646705 1.75733 17
1732213656648 1.73102 18
1732213666655 1.65203 19
1732213676576 1.63665 20
1732213686521 1.62217 21
1732213696887 1.72282 22
1732213706833 1.56917 23
1732213716965 1.56824 24
1732213727075 1.49468 25
1732213737080 1.49665 26
1732213746929 1.49742 27
1732213756788 1.50195 28
1732213766668 1.48278 29
1732213776563 1.42324 30
1732213786608 1.36954 31
1732213796474 1.41027 32
1732213806330 1.3803 33
1732213816216 1.34026 34
1732213826133 1.3501 35
1732213836076 1.33304 36
1732213845951 1.28285 37
1732213855795 1.2683 38
1732213865637 1.25385 39
1732213876287 1.43043 40
1732213886152 1.31899 41
1732213895974 1.27441 42
1732213905806 1.24618 43
1732213915585 1.2298 44
1732213925412 1.14821 45
1732213935200 1.15064 46
1732213945014 1.13495 47
1732213954811 1.15278 48
1732213964615 1.10088 49
