1732213472487 1.69885 0
1732213486281 1.488 1
1732213496675 1.52142 2
1732213506600 1.5269 3
1732213516554 1.49316 4
1732213526744 1.48958 5
1732213536725 1.46019 6
1732213546900 1.44327 7
1732213556832 1.40065 8
1732213566916 1.43069 9
1732213577132 1.40621 10
1732213587198 1.39871 11
1732213597139 1.36586 12
1732213607081 1.36319 13
1732213617001 1.3648 14
1732213626954 1.39616 15
1732213636843 1.36965 16
1732213646705 1.31417 17
1732213656648 1.34079 18
1732213666655 1.32799 19
1732213676576 1.29967 20
1732213686521 1.29065 21
1732213696887 1.30748 22
1732213706833 1.28257 23
1732213716965 1.28042 24
1732213727075 1.27458 25
1732213737080 1.28757 26
1732213746929 1.26607 27
1732213756788 1.29471 28
1732213766668 1.2587 29
1732213776563 1.26923 30
1732213786608 1.24016 31
1732213796474 1.25126 32
1732213806330 1.21818 33
1732213816216 1.2299 34
1732213826133 1.21351 35
1732213836076 1.20505 36
1732213845951 1.20712 37
1732213855795 1.21335 38
1732213865637 1.18369 39
1732213876287 1.26049 40
1732213886152 1.22544 41
1732213895974 1.2084 42
1732213905806 1.20409 43
1732213915585 1.19383 44
1732213925412 1.20109 45
1732213935200 1.19089 46
1732213945014 1.17944 47
1732213954811 1.18806 48
1732213964615 1.17874 49
