1732219091797 2.39709 0
1732219114251 2.38847 1
1732219136282 2.41837 2
1732219158320 2.42072 3
1732219180239 2.3465 4
1732219202362 2.31309 5
1732219224366 2.27169 6
1732219246937 2.23832 7
1732219269537 2.24761 8
1732219292062 2.16179 9
1732219314813 2.16994 10
1732219336976 2.15753 11
1732219359084 2.1904 12
1732219381273 2.14848 13
1732219403787 2.12619 14
1732219425951 2.08686 15
1732219448015 2.06855 16
1732219469992 2.05685 17
1732219491967 2.0627 18
1732219513918 2.00688 19
1732219535820 2.02713 20
1732219557927 2.01877 21
1732219580784 2.00555 22
1732219602934 1.96558 23
1732219625273 1.96377 24
1732219647869 1.95898 25
1732219669997 1.9159 26
1732219691910 1.90983 27
1732219713944 1.89056 28
1732219736512 1.87582 29
1732219758650 1.83039 30
1732219780781 1.882 31
1732219803020 1.89263 32
1732219825731 1.84962 33
1732219848122 1.78671 34
1732219870711 1.85069 35
1732219893173 1.83696 36
1732219915560 1.81238 37
1732219937733 1.80505 38
1732219959831 1.73861 39
1732219982357 1.80136 40
1732220004546 1.74208 41
1732220026450 1.71603 42
1732220048455 1.71838 43
1732220070530 1.71128 44
1732220092453 1.65522 45
1732220114457 1.66086 46
1732220136532 1.65235 47
1732220158547 1.64352 48
1732220181062 1.6542 49
