1732219091797 3.63455 0
1732219114251 2.82813 1
1732219136282 2.85109 2
1732219158320 2.66963 3
1732219180239 2.58559 4
1732219202362 2.56025 5
1732219224366 2.44792 6
1732219246937 2.34402 7
1732219269537 2.26205 8
1732219292062 2.26829 9
1732219314813 2.24263 10
1732219336976 2.22863 11
1732219359084 2.17129 12
1732219381273 2.28445 13
1732219403787 2.12303 14
1732219425951 2.07764 15
1732219448015 2.01453 16
1732219469992 2.00712 17
1732219491967 2.01274 18
1732219513918 1.95387 19
1732219535820 1.98861 20
1732219557927 1.91114 21
1732219580784 1.86557 22
1732219602934 1.90912 23
1732219625273 1.86358 24
1732219647869 1.82268 25
1732219669997 1.81278 26
1732219691910 1.82599 27
1732219713944 1.76128 28
1732219736512 1.81478 29
1732219758650 1.71002 30
1732219780781 1.72191 31
1732219803020 1.7323 32
1732219825731 1.7331 33
1732219848122 1.62149 34
1732219870711 1.64064 35
1732219893173 1.67726 36
1732219915560 1.59749 37
1732219937733 1.59966 38
1732219959831 1.60082 39
1732219982357 1.99398 40
1732220004546 1.75818 41
1732220026450 1.67852 42
1732220048455 1.67657 43
1732220070530 1.61695 44
1732220092453 1.55434 45
1732220114457 1.51993 46
1732220136532 1.56341 47
1732220158547 1.51097 48
1732220181062 1.56294 49
