1732219091797 1.69127 0
1732219114251 1.71762 1
1732219136282 1.81076 2
1732219158320 1.74344 3
1732219180239 1.77239 4
1732219202362 1.73808 5
1732219224366 1.69627 6
1732219246937 1.66897 7
1732219269537 1.66697 8
1732219292062 1.68625 9
1732219314813 1.6611 10
1732219336976 1.6035 11
1732219359084 1.62819 12
1732219381273 1.58512 13
1732219403787 1.63258 14
1732219425951 1.55625 15
1732219448015 1.58633 16
1732219469992 1.57679 17
1732219491967 1.60073 18
1732219513918 1.55106 19
1732219535820 1.52169 20
1732219557927 1.57218 21
1732219580784 1.51735 22
1732219602934 1.52074 23
1732219625273 1.51258 24
1732219647869 1.50818 25
1732219669997 1.51184 26
1732219691910 1.50243 27
1732219713944 1.47068 28
1732219736512 1.46309 29
1732219758650 1.46678 30
1732219780781 1.46596 31
1732219803020 1.48041 32
1732219825731 1.43893 33
1732219848122 1.43553 34
1732219870711 1.42119 35
1732219893173 1.39738 36
1732219915560 1.42621 37
1732219937733 1.4034 38
1732219959831 1.39052 39
1732219982357 1.45444 40
1732220004546 1.43347 41
1732220026450 1.40409 42
1732220048455 1.41083 43
1732220070530 1.42074 44
1732220092453 1.35378 45
1732220114457 1.37896 46
1732220136532 1.37512 47
1732220158547 1.383 48
1732220181062 1.37251 49
