1732164590339 2.42202 0
1732164667523 2.3825 1
1732164744326 2.30443 2
1732164820840 2.25833 3
1732164897652 2.20485 4
1732164974213 2.18307 5
1732165050938 2.14225 6
1732165127872 2.12251 7
1732165204450 2.0921 8
1732165281056 2.07628 9
1732165357586 2.07521 10
1732165434127 2.03379 11
1732165510877 2.03634 12
1732165587682 2.01899 13
1732165664304 1.99136 14
1732165740971 2.00022 15
1732165817568 2.01148 16
1732165894209 1.98059 17
1732165970872 1.95813 18
1732166047489 1.94089 19
1732166124165 1.95911 20
1732166200789 1.94657 21
1732166277458 1.91357 22
1732166354076 1.90865 23
1732166430666 1.90687 24
1732166507282 1.87874 25
1732166583823 1.88311 26
1732166660434 1.88755 27
1732166737001 1.87045 28
1732166813625 1.85469 29
1732166890312 1.83995 30
1732166966981 1.83078 31
1732167043558 1.85848 32
1732167120473 1.83599 33
1732167197186 1.83079 34
1732167273744 1.81717 35
1732167350480 1.78772 36
1732167427214 1.79784 37
1732167504458 1.80342 38
1732167581295 1.77889 39
1732167658614 1.95594 40
1732167735029 1.90343 41
1732167811391 1.89991 42
1732167887791 1.8906 43
1732167964125 1.86983 44
1732168040437 1.87135 45
1732168116750 1.82129 46
1732168193063 1.86098 47
1732168269480 1.80434 48
1732168345913 1.79908 49
