1732164590339 5.57266 0
1732164667523 3.11535 1
1732164744326 2.98974 2
1732164820840 2.92995 3
1732164897652 2.89214 4
1732164974213 2.80903 5
1732165050938 2.79249 6
1732165127872 2.70413 7
1732165204450 2.71873 8
1732165281056 2.69869 9
1732165357586 2.69071 10
1732165434127 2.60388 11
1732165510877 2.6253 12
1732165587682 2.59393 13
1732165664304 2.54598 14
1732165740971 2.55625 15
1732165817568 2.50771 16
1732165894209 2.4883 17
1732165970872 2.48422 18
1732166047489 2.44782 19
1732166124165 2.43024 20
1732166200789 2.43104 21
1732166277458 2.3803 22
1732166354076 2.4008 23
1732166430666 2.36587 24
1732166507282 2.32861 25
1732166583823 2.34334 26
1732166660434 2.34202 27
1732166737001 2.3001 28
1732166813625 2.33527 29
1732166890312 2.26794 30
1732166966981 2.27326 31
1732167043558 2.26823 32
1732167120473 2.24393 33
1732167197186 2.19805 34
1732167273744 2.18834 35
1732167350480 2.19505 36
1732167427214 2.18941 37
1732167504458 2.14866 38
1732167581295 2.15757 39
1732167658614 2.30222 40
1732167735029 2.20797 41
1732167811391 2.14877 42
1732167887791 2.12184 43
1732167964125 2.1113 44
1732168040437 2.0891 45
1732168116750 2.055 46
1732168193063 2.07096 47
1732168269480 2.03759 48
1732168345913 1.9907 49
