1732164590339 2.59313 0
1732164667523 2.5328 1
1732164744326 2.53359 2
1732164820840 2.47262 3
1732164897652 2.40605 4
1732164974213 2.35663 5
1732165050938 2.33895 6
1732165127872 2.29857 7
1732165204450 2.27373 8
1732165281056 2.29279 9
1732165357586 2.26108 10
1732165434127 2.23987 11
1732165510877 2.21557 12
1732165587682 2.19311 13
1732165664304 2.18825 14
1732165740971 2.17937 15
1732165817568 2.16604 16
1732165894209 2.15053 17
1732165970872 2.14907 18
1732166047489 2.1503 19
1732166124165 2.14612 20
1732166200789 2.13933 21
1732166277458 2.10981 22
1732166354076 2.10906 23
1732166430666 2.11866 24
1732166507282 2.09948 25
1732166583823 2.11514 26
1732166660434 2.10439 27
1732166737001 2.07474 28
1732166813625 2.07014 29
1732166890312 2.04519 30
1732166966981 2.07027 31
1732167043558 2.08662 32
1732167120473 2.03331 33
1732167197186 2.04688 34
1732167273744 2.03278 35
1732167350480 2.04176 36
1732167427214 2.01037 37
1732167504458 2.02171 38
1732167581295 2.03233 39
1732167658614 2.09391 40
1732167735029 2.05692 41
1732167811391 2.03277 42
1732167887791 2.06392 43
1732167964125 2.01187 44
1732168040437 1.97094 45
1732168116750 1.99858 46
1732168193063 1.94513 47
1732168269480 1.97843 48
1732168345913 1.96567 49
