1732159566945 2.2849 0
1732159709395 2.2849 0
1732159741951 2.30884 1
1732159774077 2.26886 2
1732159806256 2.19871 3
1732159838468 2.14827 4
1732159870472 2.0958 5
1732159903349 2.05962 6
1732159935329 2.0433 7
1732159968054 2.00416 8
1732160000067 2.00856 9
1732160032041 1.95778 10
1732160063901 1.96535 11
1732160095956 1.93409 12
1732160128498 1.92947 13
1732160160784 1.90616 14
1732160193383 1.88018 15
1732160225378 1.8751 16
1732160257980 1.87163 17
1732160290080 1.86394 18
1732160322051 1.82737 19
1732160353993 1.80805 20
1732160385943 1.79581 21
1732160418067 1.80482 22
1732160449980 1.77874 23
1732160481952 1.77515 24
1732160513922 1.77892 25
1732160545853 1.76619 26
1732160577782 1.75103 27
1732160609739 1.71174 28
1732160641666 1.709 29
1732160674258 1.6943 30
1732160706829 1.71277 31
1732160738772 1.68293 32
1732160770732 1.691 33
1732160802829 1.69116 34
1732160834775 1.6618 35
1732160866918 1.65491 36
1732160899522 1.66316 37
1732160931609 1.61673 38
1732160963518 1.61688 39
1732160997092 1.69508 40
1732161029079 1.65473 41
1732161061635 1.63815 42
1732161093470 1.59608 43
1732161125553 1.59081 44
1732161158036 1.59451 45
1732161190045 1.58099 46
1732161222536 1.53731 47
1732161254666 1.54446 48
1732161287162 1.53266 49
