1732159566945 3.0566 0
1732159709395 3.0566 0
1732159741951 2.76581 1
1732159774077 2.73371 2
1732159806256 2.63293 3
1732159838468 2.57259 4
1732159870472 2.53674 5
1732159903349 2.4881 6
1732159935329 2.48616 7
1732159968054 2.44489 8
1732160000067 2.42369 9
1732160032041 2.37905 10
1732160063901 2.3323 11
1732160095956 2.35997 12
1732160128498 2.34609 13
1732160160784 2.28028 14
1732160193383 2.30818 15
1732160225378 2.2723 16
1732160257980 2.24714 17
1732160290080 2.26308 18
1732160322051 2.24688 19
1732160353993 2.20135 20
1732160385943 2.17085 21
1732160418067 2.18491 22
1732160449980 2.18592 23
1732160481952 2.15315 24
1732160513922 2.13105 25
1732160545853 2.12266 26
1732160577782 2.09913 27
1732160609739 2.09122 28
1732160641666 2.06631 29
1732160674258 2.07468 30
1732160706829 2.0531 31
1732160738772 2.04618 32
1732160770732 2.03905 33
1732160802829 2.00833 34
1732160834775 1.97555 35
1732160866918 1.98821 36
1732160899522 1.99662 37
1732160931609 1.95356 38
1732160963518 1.93469 39
1732160997092 2.09285 40
1732161029079 1.9898 41
1732161061635 1.97992 42
1732161093470 1.925 43
1732161125553 1.88562 44
1732161158036 1.90491 45
1732161190045 1.86213 46
1732161222536 1.81113 47
1732161254666 1.79966 48
1732161287162 1.7789 49
