1732159566945 2.24594 0
1732159709395 2.24594 0
1732159741951 2.25765 1
1732159774077 2.19746 2
1732159806256 2.1561 3
1732159838468 2.13245 4
1732159870472 2.09384 5
1732159903349 2.05532 6
1732159935329 2.05984 7
1732159968054 2.06098 8
1732160000067 2.04356 9
1732160032041 2.00275 10
1732160063901 1.99689 11
1732160095956 1.98754 12
1732160128498 1.98839 13
1732160160784 1.94887 14
1732160193383 1.96024 15
1732160225378 1.93626 16
1732160257980 1.92993 17
1732160290080 1.93281 18
1732160322051 1.9054 19
1732160353993 1.88447 20
1732160385943 1.87666 21
1732160418067 1.89081 22
1732160449980 1.87687 23
1732160481952 1.86408 24
1732160513922 1.86473 25
1732160545853 1.87136 26
1732160577782 1.85265 27
1732160609739 1.82119 28
1732160641666 1.81787 29
1732160674258 1.82271 30
1732160706829 1.82827 31
1732160738772 1.81586 32
1732160770732 1.83288 33
1732160802829 1.80433 34
1732160834775 1.78243 35
1732160866918 1.79913 36
1732160899522 1.77917 37
1732160931609 1.77321 38
1732160963518 1.76363 39
1732160997092 1.89661 40
1732161029079 1.87058 41
1732161061635 1.85791 42
1732161093470 1.82791 43
1732161125553 1.81791 44
1732161158036 1.82967 45
1732161190045 1.81805 46
1732161222536 1.78775 47
1732161254666 1.8 48
1732161287162 1.77266 49
