1732219093497 0.1533 0
1732219115704 0.11702 1
1732219137792 0.06274 2
1732219159726 0.10675 3
1732219181759 0.05013 4
1732219203811 0.11622 5
1732219226362 0.13034 6
1732219248934 0.25837 7
1732219271531 0.21832 8
1732219294336 0.27127 9
1732219316384 0.2445 10
1732219338548 0.25615 11
1732219360706 0.13597 12
1732219383258 0.5122 13
1732219405404 0.38941 14
1732219427464 0.33853 15
1732219449452 0.2925 16
1732219471417 0.41293 17
1732219493371 0.35668 18
1732219515276 0.31593 19
1732219537370 0.47371 20
1732219560193 0.54944 21
1732219582352 0.38719 22
1732219604694 0.24715 23
1732219627263 0.5153 24
1732219649440 0.47779 25
1732219671373 0.47201 26
1732219693315 0.51508 27
1732219715928 0.57365 28
1732219738079 0.58414 29
1732219760142 0.59206 30
1732219782395 0.57675 31
1732219805065 0.59262 32
1732219827471 0.44282 33
1732219850042 0.56986 34
1732219872541 0.59056 35
1732219894944 0.58131 36
1732219917153 0.48536 37
1732219939203 0.37339 38
1732219961267 0.63083 39
1732219984029 0.6122 40
1732220005960 0.55821 41
1732220027923 0.50347 42
1732220049963 0.45748 43
1732220071904 0.49462 44
1732220093923 0.58573 45
1732220115958 0.57556 46
1732220137961 0.57301 47
1732220160535 0.56882 48
1732220182534 0.56526 49
1732220187655 0.5687580268536707 49
