1732219093497 0.04725 0
1732219115704 0.04239 1
1732219137792 0.02147 2
1732219159726 0.04191 3
1732219181759 0.02073 4
1732219203811 0.0389 5
1732219226362 0.05727 6
1732219248934 0.08245 7
1732219271531 0.1111 8
1732219294336 0.12204 9
1732219316384 0.09139 10
1732219338548 0.08984 11
1732219360706 0.05129 12
1732219383258 0.16057 13
1732219405404 0.10081 14
1732219427464 0.13726 15
1732219449452 0.13593 16
1732219471417 0.16039 17
1732219493371 0.15342 18
1732219515276 0.12134 19
1732219537370 0.13817 20
1732219560193 0.17196 21
1732219582352 0.13175 22
1732219604694 0.11219 23
1732219627263 0.19939 24
1732219649440 0.17093 25
1732219671373 0.12531 26
1732219693315 0.18303 27
1732219715928 0.22931 28
1732219738079 0.22781 29
1732219760142 0.2187 30
1732219782395 0.21831 31
1732219805065 0.28159 32
1732219827471 0.21091 33
1732219850042 0.20921 34
1732219872541 0.20892 35
1732219894944 0.20471 36
1732219917153 0.17552 37
1732219939203 0.15638 38
1732219961267 0.24326 39
1732219984029 0.23623 40
1732220005960 0.20152 41
1732220027923 0.21967 42
1732220049963 0.23397 43
1732220071904 0.21567 44
1732220093923 0.25558 45
1732220115958 0.28049 46
1732220137961 0.26383 47
1732220160535 0.28434 48
1732220182534 0.2598 49
1732220187655 0.2844776029466789 49
