1732219093497 0.28016 0
1732219115704 0.6657 1
1732219137792 0.21918 2
1732219159726 0.21145 3
1732219181759 0.62014 4
1732219203811 0.4237 5
1732219226362 0.61714 6
1732219248934 0.5058 7
1732219271531 0.58557 8
1732219294336 0.4807 9
1732219316384 0.3523 10
1732219338548 0.23623 11
1732219360706 0.28405 12
1732219383258 0.47752 13
1732219405404 0.27216 14
1732219427464 0.57406 15
1732219449452 0.40993 16
1732219471417 0.57561 17
1732219493371 0.57477 18
1732219515276 0.41382 19
1732219537370 0.47566 20
1732219560193 0.41228 21
1732219582352 0.39563 22
1732219604694 0.22034 23
1732219627263 0.31687 24
1732219649440 0.52775 25
1732219671373 0.59614 26
1732219693315 0.59172 27
1732219715928 0.35626 28
1732219738079 0.55026 29
1732219760142 0.30044 30
1732219782395 0.37128 31
1732219805065 0.56664 32
1732219827471 0.37703 33
1732219850042 0.55933 34
1732219872541 0.5967 35
1732219894944 0.49837 36
1732219917153 0.25337 37
1732219939203 0.42901 38
1732219961267 0.63945 39
1732219984029 0.46834 40
1732220005960 0.48969 41
1732220027923 0.47345 42
1732220049963 0.60552 43
1732220071904 0.34586 44
1732220093923 0.46123 45
1732220115958 0.44129 46
1732220137961 0.39034 47
1732220160535 0.43004 48
1732220182534 0.38302 49
1732220187655 0.4286257003516351 49
