1732219093497 0.40066 0
1732219115704 0.11735 1
1732219137792 0.22977 2
1732219159726 0.23616 3
1732219181759 0.02381 4
1732219203811 0.2502 5
1732219226362 0.18229 6
1732219248934 0.34148 7
1732219271531 0.17937 8
1732219294336 0.35034 9
1732219316384 0.48623 10
1732219338548 0.36949 11
1732219360706 0.23584 12
1732219383258 0.4949 13
1732219405404 0.52504 14
1732219427464 0.36558 15
1732219449452 0.33095 16
1732219471417 0.44688 17
1732219493371 0.40782 18
1732219515276 0.41617 19
1732219537370 0.56066 20
1732219560193 0.57082 21
1732219582352 0.46455 22
1732219604694 0.46848 23
1732219627263 0.68195 24
1732219649440 0.51042 25
1732219671373 0.34197 26
1732219693315 0.43333 27
1732219715928 0.67541 28
1732219738079 0.49599 29
1732219760142 0.67923 30
1732219782395 0.66766 31
1732219805065 0.47105 32
1732219827471 0.47311 33
1732219850042 0.40617 34
1732219872541 0.47878 35
1732219894944 0.53095 36
1732219917153 0.7148 37
1732219939203 0.43836 38
1732219961267 0.50903 39
1732219984029 0.61787 40
1732220005960 0.57692 41
1732220027923 0.63688 42
1732220049963 0.44865 43
1732220071904 0.65451 44
1732220093923 0.6169 45
1732220115958 0.67424 46
1732220137961 0.71098 47
1732220160535 0.65126 48
1732220182534 0.67698 49
1732220187655 0.6512595506497946 49
