1732300692976 0.0002984776119402985 0
1732300713402 0.000592971 1
1732300731262 0.0008788938166311301 2
1732300748637 0.0008704324285714286 3
1732300765772 0.0008575765714285714 4
1732300782806 0.0008447207142857142 5
1732300799823 0.0008318648571428571 6
1732300816856 0.000819009 7
1732300833963 0.0008061531428571428 8
1732300851057 0.0007932972857142858 9
1732300868213 0.0007804414285714287 10
1732300885271 0.0007675855714285714 11
1732300902577 0.0007547297142857142 12
1732300919916 0.0007418738571428571 13
1732300936986 0.000729018 14
1732300954033 0.0007161621428571428 15
1732300971368 0.0007033062857142858 16
1732300988453 0.0006904504285714286 17
1732301005490 0.0006775945714285715 18
1732301022545 0.0006647387142857143 19
1732301039796 0.0006518828571428571 20
1732301056834 0.0006390269999999999 21
1732301073856 0.0006261711428571428 22
1732301090990 0.0006133152857142858 23
1732301108147 0.0006004594285714286 24
1732301125209 0.0005876035714285714 25
1732301142228 0.0005747477142857143 26
1732301159294 0.0005618918571428571 27
1732301176333 0.0005490359999999999 28
1732301193444 0.0005361801428571427 29
1732301210694 0.0005233242857142857 30
1732301227807 0.0005104684285714286 31
1732301244867 0.0004976125714285715 32
1732301262005 0.00048475671428571427 33
1732301279064 0.0004719008571428571 34
1732301296115 0.000459045 35
1732301313166 0.00044618914285714294 36
1732301330297 0.00043333328571428567 37
1732301347414 0.0004204774285714286 38
1732301364527 0.0004076215714285714 39
1732301381574 0.00039476571428571434 40
1732301398713 0.0003819098571428571 41
1732301415753 0.000369054 42
1732301432899 0.00035619814285714284 43
1732301450087 0.00034334228571428573 44
1732301467150 0.0003304864285714285 45
1732301484260 0.0003176305714285714 46
1732301501317 0.00030477471428571435 47
1732301518363 0.00029191885714285713 48
1732301535450 0.000279063 49
1732301552524 0.00026620714285714286 50
1732301569638 0.00025335128571428575 51
1732301586759 0.00024049542857142856 52
1732301603835 0.00022763957142857145 53
1732301620865 0.00021478371428571426 54
1732301637976 0.00020192785714285717 55
1732301655057 0.00018907199999999995 56
1732301672112 0.00017621614285714287 57
1732301689168 0.00016336028571428565 58
1732301706254 0.00015050442857142857 59
1732301724141 0.0001376485714285715 60
1732301741188 0.0001247927142857143 61
1732301758178 0.00011193685714285717 62
1732301775207 9.908099999999997e-05 63
1732301792202 8.622514285714287e-05 64
1732301809399 7.336928571428568e-05 65
1732301826307 6.0513428571428585e-05 66
1732301843270 4.7657571428571387e-05 67
1732301860288 3.48017142857143e-05 68
1732301877334 2.1945857142857096e-05 69
