1732328488684 0.0002984776119402985 0
1732328499582 0.0005816288507462686 1
1732328510280 0.0008447820895522389 2
1732328520909 0.000819009 3
1732328531632 0.000789012 4
1732328542304 0.000759015 5
1732328552917 0.000729018 6
1732328563543 0.0006990209999999999 7
1732328574068 0.000669024 8
1732328584600 0.0006390269999999999 9
1732328595133 0.00060903 10
1732328605713 0.000579033 11
1732328616308 0.0005490359999999999 12
1732328626878 0.0005190389999999999 13
1732328637498 0.000489042 14
1732328648057 0.000459045 15
1732328658650 0.000429048 16
1732328669253 0.000399051 17
1732328679745 0.000369054 18
1732328690268 0.00033905700000000003 19
1732328701789 0.00030906 20
1732328712377 0.000279063 21
1732328722839 0.00024906600000000004 22
1732328733341 0.00021906899999999996 23
1732328743877 0.00018907199999999995 24
1732328754374 0.00015907499999999995 25
1732328764862 0.00012907799999999997 26
1732328775335 9.908099999999997e-05 27
1732328785812 6.908399999999998e-05 28
1732328796336 3.9086999999999994e-05 29
