1732159566945 0.0005467043010752688 0
1732159709395 0.0005467043010752688 0
1732159741951 0.0010805440225806452 1
1732159774077 0.0015923793440860215 2
1732159806256 0.0015679802000000001 3
1732159838468 0.0015349736000000002 4
1732159870472 0.001501967 5
1732159903349 0.0014689604 6
1732159935329 0.0014359538 7
1732159968054 0.0014029472000000002 8
1732160000067 0.0013699406000000003 9
1732160032041 0.0013369340000000001 10
1732160063901 0.0013039274 11
1732160095956 0.0012709208 12
1732160128498 0.0012379142000000002 13
1732160160784 0.0012049076 14
1732160193383 0.001171901 15
1732160225378 0.0011388944 16
1732160257980 0.0011058878 17
1732160290080 0.0010728812000000002 18
1732160322051 0.0010398746 19
1732160353993 0.001006868 20
1732160385943 0.0009738614000000002 21
1732160418067 0.0009408548 22
1732160449980 0.0009078482000000002 23
1732160481952 0.0008748416000000001 24
1732160513922 0.0008418350000000001 25
1732160545853 0.0008088284 26
1732160577782 0.0007758218 27
1732160609739 0.0007428151999999999 28
1732160641666 0.0007098086000000001 29
1732160674258 0.0006768020000000001 30
1732160706829 0.0006437954 31
1732160738772 0.0006107888000000001 32
1732160770732 0.0005777822 33
1732160802829 0.0005447756 34
1732160834775 0.0005117690000000001 35
1732160866918 0.00047876240000000006 36
1732160899522 0.00044575580000000005 37
1732160931609 0.0004127492 38
1732160963518 0.00037974259999999996 39
1732160997092 0.00034673599999999994 40
1732161029079 0.00031372940000000014 41
1732161061635 0.00028072280000000007 42
1732161093470 0.00024771620000000005 43
1732161125553 0.0002147096 44
1732161158036 0.00018170299999999996 45
1732161190045 0.00014869639999999995 46
1732161222536 0.00011568980000000008 47
1732161254666 8.268320000000008e-05 48
1732161287162 4.967660000000004e-05 49
