1732214121554 0.0002948108108108108 0
1732214141110 0.0005859741567567567 1
1732214160869 0.0008651387027027026 2
1732214180575 0.0008550054 3
1732214200293 0.0008370072 4
1732214220304 0.000819009 5
1732214240452 0.0008010108 6
1732214259895 0.0007830125999999999 7
1732214279900 0.0007650144 8
1732214299481 0.0007470162 9
1732214318901 0.000729018 10
1732214338900 0.0007110198 11
1732214358325 0.0006930215999999999 12
1732214398349 0.0002948108108108108 0
1732214418098 0.0005893560579150579 1
1732214438535 0.0008753307335907336 2
1732214458307 0.0008704324285714286 3
1732214478261 0.0008575765714285714 4
1732214498152 0.0008447207142857142 5
1732214518423 0.0008318648571428571 6
1732214538682 0.000819009 7
1732214558325 0.0008061531428571428 8
1732214578399 0.0007932972857142858 9
1732214598682 0.0007804414285714287 10
1732214618890 0.0007675855714285714 11
1732214638565 0.0007547297142857142 12
1732214658426 0.0007418738571428571 13
1732214678756 0.000729018 14
1732214698443 0.0007161621428571428 15
1732214718159 0.0007033062857142858 16
1732214737845 0.0006904504285714286 17
1732214757607 0.0006775945714285715 18
1732214777120 0.0006647387142857143 19
1732214796772 0.0006518828571428571 20
1732214816784 0.0006390269999999999 21
1732214836632 0.0006261711428571428 22
1732214856874 0.0006133152857142858 23
1732214876699 0.0006004594285714286 24
1732214896698 0.0005876035714285714 25
1732214917128 0.0005747477142857143 26
1732214936809 0.0005618918571428571 27
1732214956463 0.0005490359999999999 28
1732214976218 0.0005361801428571427 29
1732214996059 0.0005233242857142857 30
1732215015737 0.0005104684285714286 31
1732215035394 0.0004976125714285715 32
1732215055222 0.00048475671428571427 33
1732215075542 0.0004719008571428571 34
1732215095235 0.000459045 35
1732215114853 0.00044618914285714294 36
1732215134810 0.00043333328571428567 37
1732215154527 0.0004204774285714286 38
1732215174213 0.0004076215714285714 39
1732215193865 0.00039476571428571434 40
1732215214169 0.0003819098571428571 41
1732215234379 0.000369054 42
1732215254075 0.00035619814285714284 43
1732215273693 0.00034334228571428573 44
1732215293599 0.0003304864285714285 45
1732215313234 0.0003176305714285714 46
1732215332887 0.00030477471428571435 47
1732215352609 0.00029191885714285713 48
1732215372458 0.000279063 49
1732215392261 0.00026620714285714286 50
1732215412089 0.00025335128571428575 51
1732215431949 0.00024049542857142856 52
1732215451573 0.00022763957142857145 53
1732215471501 0.00021478371428571426 54
1732215491207 0.00020192785714285717 55
1732215510902 0.00018907199999999995 56
1732215530646 0.00017621614285714287 57
1732215550571 0.00016336028571428565 58
1732215570394 0.00015050442857142857 59
1732215591421 0.0001376485714285715 60
1732215611765 0.0001247927142857143 61
1732215631569 0.00011193685714285717 62
1732215651859 9.908099999999997e-05 63
1732215671395 8.622514285714287e-05 64
1732215691568 7.336928571428568e-05 65
1732215711995 6.0513428571428585e-05 66
1732215731661 4.7657571428571387e-05 67
1732215751439 3.48017142857143e-05 68
1732215772533 2.1945857142857096e-05 69
