1732213472487 0.0002948108108108108 0
1732213486281 0.0005859741567567567 1
1732213496675 0.0008651387027027026 2
1732213506600 0.0008550054 3
1732213516554 0.0008370072 4
1732213526744 0.000819009 5
1732213536725 0.0008010108 6
1732213546900 0.0007830125999999999 7
1732213556832 0.0007650144 8
1732213566916 0.0007470162 9
1732213577132 0.000729018 10
1732213587198 0.0007110198 11
1732213597139 0.0006930215999999999 12
1732213607081 0.0006750234 13
1732213617001 0.0006570252 14
1732213626954 0.0006390269999999999 15
1732213636843 0.0006210287999999999 16
1732213646705 0.0006030305999999998 17
1732213656648 0.0005850324 18
1732213666655 0.0005670342 19
1732213676576 0.0005490359999999999 20
1732213686521 0.0005310378 21
1732213696887 0.0005130396 22
1732213706833 0.0004950414 23
1732213716965 0.00047704320000000003 24
1732213727075 0.000459045 25
1732213737080 0.00044104679999999995 26
1732213746929 0.00042304859999999997 27
1732213756788 0.0004050503999999999 28
1732213766668 0.00038705220000000005 29
1732213776563 0.000369054 30
1732213786608 0.00035105579999999997 31
1732213796474 0.0003330576 32
1732213806330 0.00031505939999999994 33
1732213816216 0.00029706119999999995 34
1732213826133 0.000279063 35
1732213836076 0.0002610648 36
1732213845951 0.00024306660000000002 37
1732213855795 0.00022506839999999998 38
1732213865637 0.00020707019999999997 39
1732213876287 0.00018907199999999995 40
1732213886152 0.00017107380000000005 41
1732213895974 0.00015307560000000004 42
1732213905806 0.0001350774 43
1732213915585 0.0001170792 44
1732213925412 9.908099999999997e-05 45
1732213935200 8.108279999999995e-05 46
1732213945014 6.308460000000004e-05 47
1732213954811 4.5086400000000036e-05 48
1732213964615 2.708820000000002e-05 49
