1732302116716 0.05038 0
1732302134408 0.02964 1
1732302151832 0.04125 2
1732302169136 0.06337 3
1732302186353 0.0577 4
1732302203714 0.0662 5
1732302220821 0.05883 6
1732302238167 0.12181 7
1732302255420 0.16512 8
1732302272707 0.16953 9
1732302289962 0.17268 10
1732302307182 0.18725 11
1732302324321 0.13714 12
1732302341459 0.14593 13
1732302358573 0.18624 14
1732302375681 0.19167 15
1732302392876 0.13503 16
1732302410178 0.19802 17
1732302427314 0.17393 18
1732302444641 0.18833 19
1732302461827 0.18501 20
1732302478955 0.2044 21
1732302496203 0.21873 22
1732302513332 0.17329 23
1732302530396 0.20365 24
1732302547488 0.19507 25
1732302564646 0.28975 26
1732302581766 0.22127 27
1732302599001 0.30089 28
1732302616135 0.2152 29
1732302633381 0.19056 30
1732302650506 0.18375 31
1732302667641 0.22914 32
1732302684749 0.19521 33
1732302701850 0.24558 34
1732302719017 0.22328 35
1732302736230 0.23772 36
1732302753469 0.20215 37
1732302770614 0.23054 38
1732302787747 0.21491 39
1732302804835 0.215 40
1732302821935 0.20548 41
1732302839001 0.23821 42
1732302856101 0.30591 43
1732302873288 0.19053 44
1732302890484 0.25228 45
1732302907642 0.25923 46
1732302924784 0.24538 47
1732302942150 0.35031 48
1732302959277 0.22273 49
1732302976432 0.19687 50
1732302993721 0.30774 51
1732303010893 0.25611 52
1732303028010 0.19856 53
1732303045244 0.234 54
1732303062536 0.3667 55
1732303079649 0.27333 56
1732303096786 0.26332 57
1732303114040 0.32288 58
1732303131119 0.33538 59
1732303148186 0.24473 60
1732303165273 0.2859 61
1732303182332 0.23563 62
1732303199477 0.24459 63
1732303216540 0.26379 64
1732303233745 0.33554 65
1732303250833 0.31816 66
1732303267906 0.31649 67
1732303285021 0.24537 68
1732303302104 0.22086 69
1732303319174 0.32435 70
1732303336246 0.34957 71
1732303353332 0.30931 72
1732303370423 0.28876 73
1732303387477 0.22995 74
1732303404539 0.26691 75
1732303421634 0.30262 76
1732303438667 0.27499 77
1732303455726 0.29194 78
1732303472838 0.30028 79
1732303489924 0.26108 80
1732303507007 0.22229 81
1732303524132 0.28727 82
1732303541214 0.28421 83
1732303558332 0.32535 84
1732303575487 0.25163 85
1732303592583 0.25195 86
1732303609711 0.32366 87
1732303626930 0.31456 88
1732303644125 0.31527 89
1732303661991 0.30166 90
1732303679102 0.31883 91
1732303696159 0.24701 92
1732303713164 0.28795 93
1732303730160 0.31354 94
1732303747163 0.30922 95
1732303764257 0.29008 96
1732303781423 0.33011 97
1732303798462 0.29737 98
1732303815486 0.29671 99
1732303819980 0.36706396745695 99
