1732302116716 0.13458 0
1732302134408 0.1043 1
1732302151832 0.12427 2
1732302169136 0.1804 3
1732302186353 0.12769 4
1732302203714 0.17774 5
1732302220821 0.16015 6
1732302238167 0.30382 7
1732302255420 0.41083 8
1732302272707 0.43979 9
1732302289962 0.57941 10
1732302307182 0.47525 11
1732302324321 0.31955 12
1732302341459 0.33237 13
1732302358573 0.43568 14
1732302375681 0.41816 15
1732302392876 0.52261 16
1732302410178 0.51923 17
1732302427314 0.37695 18
1732302444641 0.54657 19
1732302461827 0.42056 20
1732302478955 0.46027 21
1732302496203 0.6319 22
1732302513332 0.3918 23
1732302530396 0.52986 24
1732302547488 0.51513 25
1732302564646 0.50876 26
1732302581766 0.52881 27
1732302599001 0.61318 28
1732302616135 0.48428 29
1732302633381 0.46929 30
1732302650506 0.48137 31
1732302667641 0.52102 32
1732302684749 0.41206 33
1732302701850 0.51819 34
1732302719017 0.52486 35
1732302736230 0.45734 36
1732302753469 0.41356 37
1732302770614 0.44699 38
1732302787747 0.51439 39
1732302804835 0.44909 40
1732302821935 0.50784 41
1732302839001 0.53495 42
1732302856101 0.56003 43
1732302873288 0.53404 44
1732302890484 0.5313 45
1732302907642 0.51944 46
1732302924784 0.46852 47
1732302942150 0.63498 48
1732302959277 0.53657 49
1732302976432 0.48386 50
1732302993721 0.64628 51
1732303010893 0.6173 52
1732303028010 0.38598 53
1732303045244 0.51939 54
1732303062536 0.6408 55
1732303079649 0.53612 56
1732303096786 0.48614 57
1732303114040 0.66345 58
1732303131119 0.57914 59
1732303148186 0.51913 60
1732303165273 0.4877 61
1732303182332 0.44435 62
1732303199477 0.54917 63
1732303216540 0.5335 64
1732303233745 0.64653 65
1732303250833 0.60131 66
1732303267906 0.57238 67
1732303285021 0.53862 68
1732303302104 0.52956 69
1732303319174 0.64755 70
1732303336246 0.66736 71
1732303353332 0.62157 72
1732303370423 0.61181 73
1732303387477 0.61301 74
1732303404539 0.56382 75
1732303421634 0.58737 76
1732303438667 0.6145 77
1732303455726 0.60841 78
1732303472838 0.61171 79
1732303489924 0.50357 80
1732303507007 0.48893 81
1732303524132 0.61438 82
1732303541214 0.6117 83
1732303558332 0.62898 84
1732303575487 0.46081 85
1732303592583 0.45727 86
1732303609711 0.56158 87
1732303626930 0.6044 88
1732303644125 0.61425 89
1732303661991 0.55895 90
1732303679102 0.56852 91
1732303696159 0.44516 92
1732303713164 0.54769 93
1732303730160 0.55933 94
1732303747163 0.55671 95
1732303764257 0.5286 96
1732303781423 0.60581 97
1732303798462 0.54609 98
1732303815486 0.54772 99
1732303819980 0.6408162815845115 99
