1732302116716 0.65334 0
1732302134408 0.5094 1
1732302151832 0.05647 2
1732302169136 0.25849 3
1732302186353 0.28536 4
1732302203714 0.40931 5
1732302220821 0.8231 6
1732302238167 0.21726 7
1732302255420 0.1807 8
1732302272707 0.5328 9
1732302289962 0.48555 10
1732302307182 0.38163 11
1732302324321 0.57354 12
1732302341459 0.24353 13
1732302358573 0.63033 14
1732302375681 0.46134 15
1732302392876 0.28656 16
1732302410178 0.35314 17
1732302427314 0.31134 18
1732302444641 0.33442 19
1732302461827 0.42203 20
1732302478955 0.25861 21
1732302496203 0.582 22
1732302513332 0.27536 23
1732302530396 0.35355 24
1732302547488 0.51623 25
1732302564646 0.41896 26
1732302581766 0.45529 27
1732302599001 0.44907 28
1732302616135 0.3031 29
1732302633381 0.30621 30
1732302650506 0.59811 31
1732302667641 0.39344 32
1732302684749 0.56333 33
1732302701850 0.54565 34
1732302719017 0.45087 35
1732302736230 0.41997 36
1732302753469 0.33938 37
1732302770614 0.34746 38
1732302787747 0.52147 39
1732302804835 0.39383 40
1732302821935 0.46004 41
1732302839001 0.48419 42
1732302856101 0.4377 43
1732302873288 0.45743 44
1732302890484 0.36615 45
1732302907642 0.28727 46
1732302924784 0.34892 47
1732302942150 0.3892 48
1732302959277 0.492 49
1732302976432 0.43367 50
1732302993721 0.5821 51
1732303010893 0.61965 52
1732303028010 0.50386 53
1732303045244 0.42356 54
1732303062536 0.60519 55
1732303079649 0.4544 56
1732303096786 0.4758 57
1732303114040 0.52953 58
1732303131119 0.46321 59
1732303148186 0.35194 60
1732303165273 0.41367 61
1732303182332 0.48097 62
1732303199477 0.46565 63
1732303216540 0.38177 64
1732303233745 0.51411 65
1732303250833 0.50862 66
1732303267906 0.44944 67
1732303285021 0.52895 68
1732303302104 0.39968 69
1732303319174 0.51578 70
1732303336246 0.37517 71
1732303353332 0.45207 72
1732303370423 0.43042 73
1732303387477 0.44671 74
1732303404539 0.5201 75
1732303421634 0.59447 76
1732303438667 0.58679 77
1732303455726 0.48656 78
1732303472838 0.4939 79
1732303489924 0.34094 80
1732303507007 0.35277 81
1732303524132 0.5395 82
1732303541214 0.50968 83
1732303558332 0.48605 84
1732303575487 0.45176 85
1732303592583 0.45788 86
1732303609711 0.46847 87
1732303626930 0.50772 88
1732303644125 0.47039 89
1732303661991 0.47164 90
1732303679102 0.48864 91
1732303696159 0.41693 92
1732303713164 0.47132 93
1732303730160 0.49202 94
1732303747163 0.44692 95
1732303764257 0.45229 96
1732303781423 0.44948 97
1732303798462 0.47152 98
1732303815486 0.45607 99
1732303819980 0.6055523701906456 99
