1732302116716 0.21632 0
1732302134408 0.15724 1
1732302151832 0.28709 2
1732302169136 0.40398 3
1732302186353 0.25181 4
1732302203714 0.30076 5
1732302220821 0.17022 6
1732302238167 0.44305 7
1732302255420 0.41811 8
1732302272707 0.40189 9
1732302289962 0.49439 10
1732302307182 0.58812 11
1732302324321 0.3426 12
1732302341459 0.4256 13
1732302358573 0.40652 14
1732302375681 0.43867 15
1732302392876 0.53643 16
1732302410178 0.56301 17
1732302427314 0.53696 18
1732302444641 0.64673 19
1732302461827 0.47526 20
1732302478955 0.55638 21
1732302496203 0.44178 22
1732302513332 0.46189 23
1732302530396 0.7193 24
1732302547488 0.49136 25
1732302564646 0.55245 26
1732302581766 0.63757 27
1732302599001 0.67353 28
1732302616135 0.6201 29
1732302633381 0.7019 30
1732302650506 0.39726 31
1732302667641 0.60064 32
1732302684749 0.50633 33
1732302701850 0.4978 34
1732302719017 0.59791 35
1732302736230 0.66716 36
1732302753469 0.37102 37
1732302770614 0.60164 38
1732302787747 0.3304 39
1732302804835 0.67755 40
1732302821935 0.48931 41
1732302839001 0.66532 42
1732302856101 0.64067 43
1732302873288 0.63597 44
1732302890484 0.5251 45
1732302907642 0.72101 46
1732302924784 0.6558 47
1732302942150 0.75439 48
1732302959277 0.54221 49
1732302976432 0.53781 50
1732302993721 0.52724 51
1732303010893 0.49015 52
1732303028010 0.51367 53
1732303045244 0.50227 54
1732303062536 0.64367 55
1732303079649 0.6362 56
1732303096786 0.65531 57
1732303114040 0.67062 58
1732303131119 0.65802 59
1732303148186 0.70332 60
1732303165273 0.64999 61
1732303182332 0.44919 62
1732303199477 0.67328 63
1732303216540 0.63879 64
1732303233745 0.64404 65
1732303250833 0.60132 66
1732303267906 0.70521 67
1732303285021 0.5356 68
1732303302104 0.64832 69
1732303319174 0.65727 70
1732303336246 0.74531 71
1732303353332 0.62696 72
1732303370423 0.63495 73
1732303387477 0.64283 74
1732303404539 0.66341 75
1732303421634 0.53516 76
1732303438667 0.52278 77
1732303455726 0.57607 78
1732303472838 0.61274 79
1732303489924 0.50142 80
1732303507007 0.61944 81
1732303524132 0.637 82
1732303541214 0.60333 83
1732303558332 0.65167 84
1732303575487 0.63156 85
1732303592583 0.68293 86
1732303609711 0.62617 87
1732303626930 0.62698 88
1732303644125 0.64733 89
1732303661991 0.65833 90
1732303679102 0.67501 91
1732303696159 0.6663 92
1732303713164 0.58092 93
1732303730160 0.63282 94
1732303747163 0.66617 95
1732303764257 0.66177 96
1732303781423 0.61472 97
1732303798462 0.64655 98
1732303815486 0.65809 99
1732303819980 0.643673469387755 99
