1732213477096 0.05922 0
1732213487601 0.08532 1
1732213497594 0.07609 2
1732213507572 0.06128 3
1732213517719 0.11575 4
1732213527651 0.03424 5
1732213537856 0.14883 6
1732213547809 0.09724 7
1732213557888 0.21052 8
1732213568078 0.19883 9
1732213578159 0.1645 10
1732213588091 0.09081 11
1732213598032 0.16635 12
1732213607951 0.1764 13
1732213617900 0.15759 14
1732213627844 0.2062 15
1732213637688 0.20037 16
1732213647608 0.20741 17
1732213657629 0.18607 18
1732213667551 0.19379 19
1732213677471 0.22038 20
1732213687831 0.24988 21
1732213697787 0.22412 22
1732213707932 0.20866 23
1732213718035 0.3144 24
1732213728032 0.29333 25
1732213737923 0.23464 26
1732213747804 0.24004 27
1732213757641 0.21557 28
1732213767540 0.27283 29
1732213777599 0.37066 30
1732213787476 0.28834 31
1732213797309 0.31998 32
1732213807175 0.30797 33
1732213817143 0.31057 34
1732213827051 0.27571 35
1732213836936 0.2539 36
1732213846791 0.34016 37
1732213856630 0.31576 38
1732213866439 0.21949 39
1732213877153 0.25496 40
1732213886986 0.28069 41
1732213896844 0.31997 42
1732213906635 0.29427 43
1732213916444 0.30738 44
1732213926215 0.30122 45
1732213936035 0.30469 46
1732213945885 0.31932 47
1732213955656 0.3455 48
1732213965441 0.3248 49
1732213969919 0.38485905488735594 49
