1732213477096 0.12897 0
1732213487601 0.21247 1
1732213497594 0.27114 2
1732213507572 0.14935 3
1732213517719 0.36007 4
1732213527651 0.10005 5
1732213537856 0.38473 6
1732213547809 0.32115 7
1732213557888 0.53596 8
1732213568078 0.56509 9
1732213578159 0.44044 10
1732213588091 0.35159 11
1732213598032 0.4642 12
1732213607951 0.50889 13
1732213617900 0.44756 14
1732213627844 0.52208 15
1732213637688 0.41545 16
1732213647608 0.47246 17
1732213657629 0.47985 18
1732213667551 0.44566 19
1732213677471 0.41793 20
1732213687831 0.51871 21
1732213697787 0.49297 22
1732213707932 0.38927 23
1732213718035 0.66846 24
1732213728032 0.7038 25
1732213737923 0.52737 26
1732213747804 0.55363 27
1732213757641 0.55109 28
1732213767540 0.63393 29
1732213777599 0.68543 30
1732213787476 0.66806 31
1732213797309 0.67095 32
1732213807175 0.67787 33
1732213817143 0.69839 34
1732213827051 0.67174 35
1732213836936 0.65417 36
1732213846791 0.66137 37
1732213856630 0.52988 38
1732213866439 0.43698 39
1732213877153 0.62003 40
1732213886986 0.51743 41
1732213896844 0.60029 42
1732213906635 0.58882 43
1732213916444 0.64374 44
1732213926215 0.57126 45
1732213936035 0.57499 46
1732213945885 0.56996 47
1732213955656 0.56679 48
1732213965441 0.57903 49
1732213969919 0.6854406275533209 49
