1732213477096 0.44974 0
1732213487601 0.38657 1
1732213497594 0.34596 2
1732213507572 0.55814 3
1732213517719 0.23398 4
1732213527651 0.22832 5
1732213537856 0.22601 6
1732213547809 0.3162 7
1732213557888 0.5047 8
1732213568078 0.30762 9
1732213578159 0.52524 10
1732213588091 0.20483 11
1732213598032 0.43235 12
1732213607951 0.36668 13
1732213617900 0.38892 14
1732213627844 0.38513 15
1732213637688 0.77837 16
1732213647608 0.39291 17
1732213657629 0.46888 18
1732213667551 0.36687 19
1732213677471 0.41324 20
1732213687831 0.48073 21
1732213697787 0.44931 22
1732213707932 0.36446 23
1732213718035 0.67916 24
1732213728032 0.41785 25
1732213737923 0.40523 26
1732213747804 0.44441 27
1732213757641 0.49259 28
1732213767540 0.52246 29
1732213777599 0.65923 30
1732213787476 0.63214 31
1732213797309 0.5255 32
1732213807175 0.47857 33
1732213817143 0.67601 34
1732213827051 0.64051 35
1732213836936 0.61493 36
1732213846791 0.58075 37
1732213856630 0.51625 38
1732213866439 0.41856 39
1732213877153 0.45517 40
1732213886986 0.36378 41
1732213896844 0.47619 42
1732213906635 0.45963 43
1732213916444 0.43101 44
1732213926215 0.50708 45
1732213936035 0.50875 46
1732213945885 0.47727 47
1732213955656 0.44032 48
1732213965441 0.5031 49
1732213969919 0.6585555326131465 49
