1732213477096 0.16976 0
1732213487601 0.20829 1
1732213497594 0.41571 2
1732213507572 0.16471 3
1732213517719 0.50603 4
1732213527651 0.35942 5
1732213537856 0.52582 6
1732213547809 0.33929 7
1732213557888 0.45438 8
1732213568078 0.73161 9
1732213578159 0.43325 10
1732213588091 0.59768 11
1732213598032 0.61833 12
1732213607951 0.48223 13
1732213617900 0.53493 14
1732213627844 0.64283 15
1732213637688 0.31825 16
1732213647608 0.4694 17
1732213657629 0.59336 18
1732213667551 0.46095 19
1732213677471 0.44195 20
1732213687831 0.49991 21
1732213697787 0.51362 22
1732213707932 0.3018 23
1732213718035 0.5979 24
1732213728032 0.75221 25
1732213737923 0.54755 26
1732213747804 0.71784 27
1732213757641 0.51859 28
1732213767540 0.69631 29
1732213777599 0.63628 30
1732213787476 0.67167 31
1732213797309 0.65455 32
1732213807175 0.679 33
1732213817143 0.61482 34
1732213827051 0.55658 35
1732213836936 0.52001 36
1732213846791 0.59489 37
1732213856630 0.42984 38
1732213866439 0.484 39
1732213877153 0.61114 40
1732213886986 0.53277 41
1732213896844 0.65141 42
1732213906635 0.6446 43
1732213916444 0.66967 44
1732213926215 0.6046 45
1732213936035 0.5912 46
1732213945885 0.58757 47
1732213955656 0.63096 48
1732213965441 0.64133 49
1732213969919 0.6364213073023601 49
