1732164590339 0.000553452855245684 0
1732164667523 0.0010871589553784861 1
1732164744326 0.0015988606555112882 2
1732164820840 0.0015679802000000001 3
1732164897652 0.0015349736000000002 4
1732164974213 0.001501967 5
1732165050938 0.0014689604 6
1732165127872 0.0014359538 7
1732165204450 0.0014029472000000002 8
1732165281056 0.0013699406000000003 9
1732165357586 0.0013369340000000001 10
1732165434127 0.0013039274 11
1732165510877 0.0012709208 12
1732165587682 0.0012379142000000002 13
1732165664304 0.0012049076 14
1732165740971 0.001171901 15
1732165817568 0.0011388944 16
1732165894209 0.0011058878 17
1732165970872 0.0010728812000000002 18
1732166047489 0.0010398746 19
1732166124165 0.001006868 20
1732166200789 0.0009738614000000002 21
1732166277458 0.0009408548 22
1732166354076 0.0009078482000000002 23
1732166430666 0.0008748416000000001 24
1732166507282 0.0008418350000000001 25
1732166583823 0.0008088284 26
1732166660434 0.0007758218 27
1732166737001 0.0007428151999999999 28
1732166813625 0.0007098086000000001 29
1732166890312 0.0006768020000000001 30
1732166966981 0.0006437954 31
1732167043558 0.0006107888000000001 32
1732167120473 0.0005777822 33
1732167197186 0.0005447756 34
1732167273744 0.0005117690000000001 35
1732167350480 0.00047876240000000006 36
1732167427214 0.00044575580000000005 37
1732167504458 0.0004127492 38
1732167581295 0.00037974259999999996 39
1732167658614 0.00034673599999999994 40
1732167735029 0.00031372940000000014 41
1732167811391 0.00028072280000000007 42
1732167887791 0.00024771620000000005 43
1732167964125 0.0002147096 44
1732168040437 0.00018170299999999996 45
1732168116750 0.00014869639999999995 46
1732168193063 0.00011568980000000008 47
1732168269480 8.268320000000008e-05 48
1732168345913 4.967660000000004e-05 49
