1732324360537 0.0002984776119402985 0
1732324371728 0.0005895683552238805 1
1732324382433 0.0008686602985074626 2
1732324393021 0.0008550054 3
1732324403571 0.0008370072 4
1732324414166 0.000819009 5
1732324424771 0.0008010108 6
1732324435360 0.0007830125999999999 7
1732324445933 0.0007650144 8
1732324456492 0.0007470162 9
1732324466978 0.000729018 10
1732324477488 0.0007110198 11
1732324488076 0.0006930215999999999 12
1732324498651 0.0006750234 13
1732324509211 0.0006570252 14
1732324519742 0.0006390269999999999 15
1732324530349 0.0006210287999999999 16
1732324540871 0.0006030305999999998 17
1732324551352 0.0005850324 18
1732324561928 0.0005670342 19
1732324572523 0.0005490359999999999 20
1732324583081 0.0005310378 21
1732324593574 0.0005130396 22
1732324604160 0.0004950414 23
1732324614684 0.00047704320000000003 24
1732324625225 0.000459045 25
1732324635750 0.00044104679999999995 26
1732324646293 0.00042304859999999997 27
1732324656859 0.0004050503999999999 28
1732324667376 0.00038705220000000005 29
1732324677905 0.000369054 30
1732324688422 0.00035105579999999997 31
1732324698966 0.0003330576 32
1732324709507 0.00031505939999999994 33
1732324720025 0.00029706119999999995 34
1732324730539 0.000279063 35
1732324741073 0.0002610648 36
1732324751623 0.00024306660000000002 37
1732324762138 0.00022506839999999998 38
1732324772620 0.00020707019999999997 39
1732324784053 0.00018907199999999995 40
1732324794578 0.00017107380000000005 41
1732324805032 0.00015307560000000004 42
1732324815477 0.0001350774 43
1732324825950 0.0001170792 44
1732324836401 9.908099999999997e-05 45
1732324846827 8.108279999999995e-05 46
1732324857319 6.308460000000004e-05 47
1732324867768 4.5086400000000036e-05 48
1732324878211 2.708820000000002e-05 49
