1732157839107 0.0005467043010752688 0
1732157856523 0.0010805440225806452 1
1732157872469 0.0015923793440860215 2
1732157888297 0.0015679802000000001 3
1732157904189 0.0015349736000000002 4
1732157920087 0.001501967 5
1732157935947 0.0014689604 6
1732157951919 0.0014359538 7
1732157967776 0.0014029472000000002 8
1732157983751 0.0013699406000000003 9
1732157999771 0.0013369340000000001 10
1732158015632 0.0013039274 11
1732158031556 0.0012709208 12
1732158047474 0.0012379142000000002 13
1732158063337 0.0012049076 14
1732158079284 0.001171901 15
1732158095148 0.0011388944 16
1732158111008 0.0011058878 17
1732158126894 0.0010728812000000002 18
1732158142739 0.0010398746 19
1732158158711 0.001006868 20
1732158174638 0.0009738614000000002 21
1732158190538 0.0009408548 22
1732158206422 0.0009078482000000002 23
1732158222315 0.0008748416000000001 24
1732158238303 0.0008418350000000001 25
1732158254180 0.0008088284 26
1732158270054 0.0007758218 27
1732158285970 0.0007428151999999999 28
1732158301861 0.0007098086000000001 29
1732158317762 0.0006768020000000001 30
1732158333739 0.0006437954 31
1732158349728 0.0006107888000000001 32
1732158365673 0.0005777822 33
1732158381580 0.0005447756 34
1732158397451 0.0005117690000000001 35
1732158413314 0.00047876240000000006 36
1732158429274 0.00044575580000000005 37
1732158445151 0.0004127492 38
1732158461106 0.00037974259999999996 39
1732158477740 0.00034673599999999994 40
1732158493588 0.00031372940000000014 41
1732158509402 0.00028072280000000007 42
1732158525340 0.00024771620000000005 43
1732158541136 0.0002147096 44
1732158556951 0.00018170299999999996 45
1732158572785 0.00014869639999999995 46
1732158588686 0.00011568980000000008 47
1732158604507 8.268320000000008e-05 48
1732158620362 4.967660000000004e-05 49
