1732157841308 0.05674 0
1732157857493 0.01716 1
1732157873404 0.02493 2
1732157889267 0.02537 3
1732157905214 0.07069 4
1732157921016 0.0336 5
1732157936972 0.10513 6
1732157952853 0.0522 7
1732157968811 0.1213 8
1732157984823 0.18039 9
1732158000696 0.12287 10
1732158016577 0.08046 11
1732158032505 0.14145 12
1732158048392 0.13359 13
1732158064372 0.18234 14
1732158080189 0.12572 15
1732158096081 0.17006 16
1732158111932 0.10422 17
1732158127815 0.11985 18
1732158143743 0.18631 19
1732158159643 0.1354 20
1732158175586 0.17697 21
1732158191458 0.1671 22
1732158207354 0.15626 23
1732158223350 0.19921 24
1732158239206 0.1728 25
1732158255128 0.17383 26
1732158271018 0.17087 27
1732158286900 0.18173 28
1732158302777 0.1932 29
1732158318773 0.18974 30
1732158334760 0.20096 31
1732158350727 0.21651 32
1732158366602 0.19448 33
1732158382501 0.19389 34
1732158398343 0.20974 35
1732158414326 0.21923 36
1732158430186 0.16702 37
1732158446176 0.23507 38
1732158462014 0.2014 39
1732158478664 0.19269 40
1732158494515 0.22766 41
1732158510424 0.24135 42
1732158526254 0.21585 43
1732158542058 0.21575 44
1732158557863 0.23215 45
1732158573784 0.21968 46
1732158589586 0.22622 47
1732158605508 0.24475 48
1732158621250 0.23924 49
1732158625741 0.24373350798108495 49
