1732157841308 0.16353 0
1732157857493 0.06989 1
1732157873404 0.09185 2
1732157889267 0.07051 3
1732157905214 0.15613 4
1732157921016 0.12098 5
1732157936972 0.21362 6
1732157952853 0.12077 7
1732157968811 0.31601 8
1732157984823 0.41285 9
1732158000696 0.30611 10
1732158016577 0.26996 11
1732158032505 0.35747 12
1732158048392 0.34708 13
1732158064372 0.40781 14
1732158080189 0.33141 15
1732158096081 0.43204 16
1732158111932 0.25311 17
1732158127815 0.31654 18
1732158143743 0.44029 19
1732158159643 0.37794 20
1732158175586 0.38231 21
1732158191458 0.40196 22
1732158207354 0.40158 23
1732158223350 0.42886 24
1732158239206 0.38937 25
1732158255128 0.40454 26
1732158271018 0.39465 27
1732158286900 0.40882 28
1732158302777 0.45132 29
1732158318773 0.42158 30
1732158334760 0.44435 31
1732158350727 0.47913 32
1732158366602 0.45376 33
1732158382501 0.46625 34
1732158398343 0.52092 35
1732158414326 0.49954 36
1732158430186 0.39837 37
1732158446176 0.48667 38
1732158462014 0.45528 39
1732158478664 0.4619 40
1732158494515 0.51744 41
1732158510424 0.5394 42
1732158526254 0.48057 43
1732158542058 0.48873 44
1732158557863 0.4857 45
1732158573784 0.47199 46
1732158589586 0.5014 47
1732158605508 0.51817 48
1732158621250 0.51963 49
1732158625741 0.5184552016869854 49
