1732157841308 0.16727 0
1732157857493 0.07236 1
1732157873404 0.748 2
1732157889267 0.11063 3
1732157905214 0.17697 4
1732157921016 0.17727 5
1732157936972 0.24307 6
1732157952853 0.13735 7
1732157968811 0.42876 8
1732157984823 0.36754 9
1732158000696 0.32757 10
1732158016577 0.26391 11
1732158032505 0.35801 12
1732158048392 0.45512 13
1732158064372 0.49628 14
1732158080189 0.32567 15
1732158096081 0.49617 16
1732158111932 0.39834 17
1732158127815 0.35988 18
1732158143743 0.48696 19
1732158159643 0.41196 20
1732158175586 0.45629 21
1732158191458 0.46696 22
1732158207354 0.46035 23
1732158223350 0.62853 24
1732158239206 0.44129 25
1732158255128 0.44543 26
1732158271018 0.40773 27
1732158286900 0.47696 28
1732158302777 0.46561 29
1732158318773 0.54226 30
1732158334760 0.58341 31
1732158350727 0.54807 32
1732158366602 0.50909 33
1732158382501 0.51656 34
1732158398343 0.55671 35
1732158414326 0.61975 36
1732158430186 0.40237 37
1732158446176 0.46239 38
1732158462014 0.53435 39
1732158478664 0.56187 40
1732158494515 0.64965 41
1732158510424 0.66983 42
1732158526254 0.59433 43
1732158542058 0.51397 44
1732158557863 0.5651 45
1732158573784 0.49633 46
1732158589586 0.53873 47
1732158605508 0.59476 48
1732158621250 0.59719 49
1732158625741 0.5698121510836263 49
