1732157841308 0.30353 0
1732157857493 0.16864 1
1732157873404 0.0721 2
1732157889267 0.23725 3
1732157905214 0.17541 4
1732157921016 0.24181 5
1732157936972 0.2662 6
1732157952853 0.34824 7
1732157968811 0.27185 8
1732157984823 0.4708 9
1732158000696 0.43865 10
1732158016577 0.27421 11
1732158032505 0.41131 12
1732158048392 0.35957 13
1732158064372 0.39579 14
1732158080189 0.48707 15
1732158096081 0.43829 16
1732158111932 0.2934 17
1732158127815 0.466 18
1732158143743 0.40503 19
1732158159643 0.43237 20
1732158175586 0.42905 21
1732158191458 0.45467 22
1732158207354 0.37768 23
1732158223350 0.38594 24
1732158239206 0.43323 25
1732158255128 0.49199 26
1732158271018 0.47054 27
1732158286900 0.52066 28
1732158302777 0.49002 29
1732158318773 0.42104 30
1732158334760 0.42942 31
1732158350727 0.41873 32
1732158366602 0.47278 33
1732158382501 0.4752 34
1732158398343 0.51527 35
1732158414326 0.44543 36
1732158430186 0.44948 37
1732158446176 0.47803 38
1732158462014 0.48411 39
1732158478664 0.47191 40
1732158494515 0.43809 41
1732158510424 0.45257 42
1732158526254 0.43028 43
1732158542058 0.52956 44
1732158557863 0.46773 45
1732158573784 0.51868 46
1732158589586 0.49982 47
1732158605508 0.47783 48
1732158621250 0.49349 49
1732158625741 0.49105022119927266 49
