1732168890700 2.1348 0
1732168908146 2.00715 1
1732168925258 2.00696 2
1732168942562 1.9863 3
1732168959578 1.94844 4
1732168976768 1.91724 5
1732168993775 1.859 6
1732169010946 1.86282 7
1732169028051 1.85196 8
1732169045089 1.81985 9
1732169062184 1.79893 10
1732169079211 1.79382 11
1732169096228 1.7671 12
1732169113392 1.75245 13
1732169130426 1.73765 14
1732169147481 1.70408 15
1732169164536 1.71734 16
1732169181594 1.68959 17
1732169198604 1.69164 18
1732169215686 1.65534 19
1732169232767 1.64323 20
1732169249805 1.63826 21
1732169266811 1.63792 22
1732169283963 1.62511 23
1732169301016 1.59947 24
1732169318046 1.58588 25
1732169335099 1.61043 26
1732169352183 1.56895 27
1732169369272 1.54081 28
1732169386312 1.54272 29
1732169403496 1.52797 30
1732169420567 1.51475 31
1732169437640 1.49604 32
1732169454664 1.47858 33
1732169471649 1.47142 34
1732169488697 1.44725 35
1732169505741 1.44015 36
1732169522896 1.43955 37
1732169540046 1.41235 38
1732169557077 1.39468 39
1732169574885 1.42178 40
1732169591888 1.34843 41
1732169608821 1.3151 42
1732169625782 1.28935 43
1732169642824 1.25889 44
1732169659820 1.24592 45
1732169676806 1.21106 46
1732169693748 1.18671 47
1732169710705 1.18029 48
1732169727675 1.16433 49
