1732168890700 3.60424 0
1732168908146 2.63704 1
1732168925258 2.55042 2
1732168942562 2.49139 3
1732168959578 2.41307 4
1732168976768 2.37346 5
1732168993775 2.30462 6
1732169010946 2.30208 7
1732169028051 2.27259 8
1732169045089 2.2643 9
1732169062184 2.20148 10
1732169079211 2.17959 11
1732169096228 2.19404 12
1732169113392 2.13059 13
1732169130426 2.08905 14
1732169147481 2.10521 15
1732169164536 2.0688 16
1732169181594 2.01566 17
1732169198604 1.99927 18
1732169215686 2.00228 19
1732169232767 1.98804 20
1732169249805 1.95722 21
1732169266811 1.92578 22
1732169283963 1.9241 23
1732169301016 1.89692 24
1732169318046 1.86929 25
1732169335099 1.90128 26
1732169352183 1.81291 27
1732169369272 1.73443 28
1732169386312 1.78817 29
1732169403496 1.72953 30
1732169420567 1.71698 31
1732169437640 1.70257 32
1732169454664 1.65318 33
1732169471649 1.61231 34
1732169488697 1.55497 35
1732169505741 1.56133 36
1732169522896 1.53561 37
1732169540046 1.51695 38
1732169557077 1.5095 39
1732169574885 1.57839 40
1732169591888 1.42361 41
1732169608821 1.40112 42
1732169625782 1.32111 43
1732169642824 1.28585 44
1732169659820 1.25303 45
1732169676806 1.21249 46
1732169693748 1.16446 47
1732169710705 1.159 48
1732169727675 1.11896 49
