1732168890700 2.06258 0
1732168908146 1.95902 1
1732168925258 1.98837 2
1732168942562 1.95577 3
1732168959578 1.92977 4
1732168976768 1.93128 5
1732168993775 1.89086 6
1732169010946 1.90111 7
1732169028051 1.88571 8
1732169045089 1.85737 9
1732169062184 1.85174 10
1732169079211 1.85208 11
1732169096228 1.83268 12
1732169113392 1.79414 13
1732169130426 1.79083 14
1732169147481 1.78006 15
1732169164536 1.76345 16
1732169181594 1.75645 17
1732169198604 1.75614 18
1732169215686 1.74625 19
1732169232767 1.72547 20
1732169249805 1.70623 21
1732169266811 1.72572 22
1732169283963 1.73401 23
1732169301016 1.69913 24
1732169318046 1.70407 25
1732169335099 1.70308 26
1732169352183 1.66454 27
1732169369272 1.63497 28
1732169386312 1.65166 29
1732169403496 1.63523 30
1732169420567 1.62596 31
1732169437640 1.61097 32
1732169454664 1.60769 33
1732169471649 1.58553 34
1732169488697 1.56604 35
1732169505741 1.56901 36
1732169522896 1.56371 37
1732169540046 1.53715 38
1732169557077 1.53156 39
1732169574885 1.64712 40
1732169591888 1.56146 41
1732169608821 1.55281 42
1732169625782 1.51261 43
1732169642824 1.50715 44
1732169659820 1.49353 45
1732169676806 1.45281 46
1732169693748 1.4376 47
1732169710705 1.43812 48
1732169727675 1.41786 49
