1732300697042 0.05038 0
1732300715131 0.06879 1
1732300732539 0.1236 2
1732300749668 0.04716 3
1732300766714 0.11205 4
1732300783751 0.11225 5
1732300800770 0.09701 6
1732300817874 0.10552 7
1732300834960 0.06744 8
1732300852150 0.17202 9
1732300869180 0.12232 10
1732300886473 0.18135 11
1732300903812 0.2323 12
1732300920895 0.13198 13
1732300937958 0.18234 14
1732300955267 0.18613 15
1732300972363 0.18205 16
1732300989407 0.22849 17
1732301006435 0.22164 18
1732301023672 0.24618 19
1732301040722 0.19028 20
1732301057777 0.20717 21
1732301074911 0.19792 22
1732301092032 0.32702 23
1732301109103 0.17265 24
1732301126153 0.24221 25
1732301143160 0.2503 26
1732301160217 0.268 27
1732301177340 0.26696 28
1732301194606 0.20745 29
1732301211703 0.20864 30
1732301228759 0.32 31
1732301245898 0.29066 32
1732301262984 0.30031 33
1732301280000 0.23828 34
1732301297061 0.30705 35
1732301314217 0.31129 36
1732301331342 0.32575 37
1732301348431 0.21213 38
1732301365478 0.264 39
1732301382619 0.35488 40
1732301399666 0.32206 41
1732301416786 0.30449 42
1732301433985 0.24373 43
1732301451022 0.24114 44
1732301468170 0.33348 45
1732301485208 0.24364 46
1732301502255 0.31539 47
1732301519340 0.34821 48
1732301536445 0.31623 49
1732301553540 0.28364 50
1732301570653 0.27582 51
1732301587737 0.29514 52
1732301604795 0.27835 53
1732301621851 0.3237 54
1732301638955 0.31841 55
1732301656001 0.28363 56
1732301673108 0.28608 57
1732301690150 0.28892 58
1732301707242 0.29363 59
1732301725110 0.26013 60
1732301742159 0.27808 61
1732301759173 0.32162 62
1732301776154 0.29401 63
1732301793359 0.31737 64
1732301810314 0.33104 65
1732301827242 0.32487 66
1732301844254 0.30648 67
1732301861305 0.31499 68
1732301878295 0.31853 69
1732301883328 0.3550118942391133 69
