1732300697042 0.13458 0
1732300715131 0.18944 1
1732300732539 0.23804 2
1732300749668 0.17672 3
1732300766714 0.33112 4
1732300783751 0.31779 5
1732300800770 0.28364 6
1732300817874 0.23573 7
1732300834960 0.16615 8
1732300852150 0.43435 9
1732300869180 0.29531 10
1732300886473 0.44025 11
1732300903812 0.62691 12
1732300920895 0.3081 13
1732300937958 0.48994 14
1732300955267 0.4067 15
1732300972363 0.43211 16
1732300989407 0.47745 17
1732301006435 0.6016 18
1732301023672 0.53675 19
1732301040722 0.40534 20
1732301057777 0.49232 21
1732301074911 0.43805 22
1732301092032 0.60891 23
1732301109103 0.36446 24
1732301126153 0.48926 25
1732301143160 0.49428 26
1732301160217 0.59963 27
1732301177340 0.62894 28
1732301194606 0.44578 29
1732301211703 0.45316 30
1732301228759 0.6065 31
1732301245898 0.52867 32
1732301262984 0.5622 33
1732301280000 0.4972 34
1732301297061 0.62293 35
1732301314217 0.62324 36
1732301331342 0.63402 37
1732301348431 0.38936 38
1732301365478 0.54992 39
1732301382619 0.64769 40
1732301399666 0.57938 41
1732301416786 0.53961 42
1732301433985 0.50464 43
1732301451022 0.52227 44
1732301468170 0.61677 45
1732301485208 0.5753 46
1732301502255 0.64516 47
1732301519340 0.63783 48
1732301536445 0.61225 49
1732301553540 0.62428 50
1732301570653 0.61484 51
1732301587737 0.6226 52
1732301604795 0.48262 53
1732301621851 0.55585 54
1732301638955 0.61095 55
1732301656001 0.56323 56
1732301673108 0.6147 57
1732301690150 0.49022 58
1732301707242 0.49949 59
1732301725110 0.45954 60
1732301742159 0.51127 61
1732301759173 0.64945 62
1732301776154 0.62643 63
1732301793359 0.61833 64
1732301810314 0.6582 65
1732301827242 0.65172 66
1732301844254 0.65149 67
1732301861305 0.6316 68
1732301878295 0.63258 69
1732301883328 0.6481936739434193 69
