1732300697042 0.65334 0
1732300715131 0.49085 1
1732300732539 0.29992 2
1732300749668 0.25869 3
1732300766714 0.33044 4
1732300783751 0.38553 5
1732300800770 0.15949 6
1732300817874 0.33175 7
1732300834960 0.30581 8
1732300852150 0.47056 9
1732300869180 0.40287 10
1732300886473 0.35134 11
1732300903812 0.66541 12
1732300920895 0.22035 13
1732300937958 0.45604 14
1732300955267 0.4388 15
1732300972363 0.32847 16
1732300989407 0.59466 17
1732301006435 0.458 18
1732301023672 0.40301 19
1732301040722 0.32688 20
1732301057777 0.57887 21
1732301074911 0.62155 22
1732301092032 0.38972 23
1732301109103 0.32253 24
1732301126153 0.67412 25
1732301143160 0.51126 26
1732301160217 0.4549 27
1732301177340 0.47997 28
1732301194606 0.42611 29
1732301211703 0.37306 30
1732301228759 0.52629 31
1732301245898 0.32522 32
1732301262984 0.40844 33
1732301280000 0.28382 34
1732301297061 0.62123 35
1732301314217 0.61355 36
1732301331342 0.55153 37
1732301348431 0.38722 38
1732301365478 0.32455 39
1732301382619 0.46957 40
1732301399666 0.37844 41
1732301416786 0.3835 42
1732301433985 0.4205 43
1732301451022 0.55091 44
1732301468170 0.51512 45
1732301485208 0.37623 46
1732301502255 0.47027 47
1732301519340 0.35896 48
1732301536445 0.43517 49
1732301553540 0.41814 50
1732301570653 0.40255 51
1732301587737 0.64411 52
1732301604795 0.65546 53
1732301621851 0.68875 54
1732301638955 0.50153 55
1732301656001 0.47623 56
1732301673108 0.45835 57
1732301690150 0.63119 58
1732301707242 0.64903 59
1732301725110 0.59632 60
1732301742159 0.47807 61
1732301759173 0.48061 62
1732301776154 0.47959 63
1732301793359 0.44728 64
1732301810314 0.45443 65
1732301827242 0.47946 66
1732301844254 0.52692 67
1732301861305 0.50564 68
1732301878295 0.48362 69
1732301883328 0.4699423190478651 69
