1732300697042 0.21632 0
1732300715131 0.22138 1
1732300732539 0.47279 2
1732300749668 0.23882 3
1732300766714 0.39974 4
1732300783751 0.3623 5
1732300800770 0.52903 6
1732300817874 0.38455 7
1732300834960 0.21268 8
1732300852150 0.49441 9
1732300869180 0.41444 10
1732300886473 0.42315 11
1732300903812 0.43645 12
1732300920895 0.66042 13
1732300937958 0.42117 14
1732300955267 0.37837 15
1732300972363 0.58311 16
1732300989407 0.42231 17
1732301006435 0.60815 18
1732301023672 0.60688 19
1732301040722 0.4936 20
1732301057777 0.40768 21
1732301074911 0.44481 22
1732301092032 0.63823 23
1732301109103 0.47711 24
1732301126153 0.42613 25
1732301143160 0.45596 26
1732301160217 0.59776 27
1732301177340 0.64701 28
1732301194606 0.59243 29
1732301211703 0.49296 30
1732301228759 0.60012 31
1732301245898 0.65937 32
1732301262984 0.63197 33
1732301280000 0.72972 34
1732301297061 0.54878 35
1732301314217 0.60455 36
1732301331342 0.62318 37
1732301348431 0.53234 38
1732301365478 0.71888 39
1732301382619 0.64526 40
1732301399666 0.68082 41
1732301416786 0.65959 42
1732301433985 0.6601 43
1732301451022 0.49407 44
1732301468170 0.61367 45
1732301485208 0.67796 46
1732301502255 0.64403 47
1732301519340 0.69668 48
1732301536445 0.63629 49
1732301553540 0.64026 50
1732301570653 0.64351 51
1732301587737 0.48282 52
1732301604795 0.46367 53
1732301621851 0.44112 54
1732301638955 0.64549 55
1732301656001 0.62903 56
1732301673108 0.6517 57
1732301690150 0.45921 58
1732301707242 0.48536 59
1732301725110 0.47383 60
1732301742159 0.52848 61
1732301759173 0.64246 62
1732301776154 0.65224 63
1732301793359 0.65439 64
1732301810314 0.62296 65
1732301827242 0.63974 66
1732301844254 0.6417 67
1732301861305 0.62794 68
1732301878295 0.62902 69
1732301883328 0.6452479236994894 69
