1732324361581 0.04929 0
1732324372528 0.08707 1
1732324383146 0.06169 2
1732324393733 0.06287 3
1732324404295 0.09917 4
1732324414908 0.14389 5
1732324425474 0.15239 6
1732324436101 0.16878 7
1732324446619 0.13156 8
1732324457148 0.13515 9
1732324467633 0.12546 10
1732324478183 0.1838 11
1732324488762 0.18064 12
1732324499361 0.19483 13
1732324509894 0.18205 14
1732324520461 0.2374 15
1732324531029 0.21363 16
1732324541535 0.23388 17
1732324552075 0.27581 18
1732324562617 0.27582 19
1732324573218 0.25747 20
1732324583732 0.24709 21
1732324594302 0.32157 22
1732324604828 0.26565 23
1732324615378 0.26581 24
1732324625881 0.27143 25
1732324636415 0.21508 26
1732324646950 0.29386 27
1732324657530 0.20978 28
1732324668036 0.22223 29
1732324678564 0.29146 30
1732324689105 0.2579 31
1732324699634 0.28468 32
1732324710161 0.24118 33
1732324720683 0.26369 34
1732324731221 0.21758 35
1732324741756 0.30217 36
1732324752263 0.30286 37
1732324762779 0.29276 38
1732324773284 0.30057 39
1732324784717 0.2711 40
1732324795253 0.33518 41
1732324805673 0.27547 42
1732324816129 0.31025 43
1732324826598 0.31973 44
1732324837039 0.31693 45
1732324847478 0.29418 46
1732324857951 0.27417 47
1732324868414 0.28699 48
1732324878850 0.30684 49
1732324883809 0.33604159614527546 49
