1732324361581 0.13073 0
1732324372528 0.18015 1
1732324383146 0.15255 2
1732324393733 0.15312 3
1732324404295 0.23448 4
1732324414908 0.3178 5
1732324425474 0.36716 6
1732324436101 0.33173 7
1732324446619 0.28357 8
1732324457148 0.28638 9
1732324467633 0.26516 10
1732324478183 0.46347 11
1732324488762 0.34061 12
1732324499361 0.46331 13
1732324509894 0.42537 14
1732324520461 0.59912 15
1732324531029 0.56915 16
1732324541535 0.57026 17
1732324552075 0.6179 18
1732324562617 0.5783 19
1732324573218 0.57998 20
1732324583732 0.47284 21
1732324594302 0.60339 22
1732324604828 0.62273 23
1732324615378 0.55655 24
1732324625881 0.50787 25
1732324636415 0.4205 26
1732324646950 0.61329 27
1732324657530 0.54097 28
1732324668036 0.51782 29
1732324678564 0.61244 30
1732324689105 0.5786 31
1732324699634 0.64021 32
1732324710161 0.59009 33
1732324720683 0.59177 34
1732324731221 0.52091 35
1732324741756 0.63797 36
1732324752263 0.63058 37
1732324762779 0.62225 38
1732324773284 0.59441 39
1732324784717 0.53645 40
1732324795253 0.64472 41
1732324805673 0.57643 42
1732324816129 0.60478 43
1732324826598 0.64525 44
1732324837039 0.62281 45
1732324847478 0.61372 46
1732324857951 0.61058 47
1732324868414 0.62191 48
1732324878850 0.60896 49
1732324883809 0.6538593203601762 49
