1732324361581 0.92003 0
1732324372528 0.5493 1
1732324383146 0.41198 2
1732324393733 0.46383 3
1732324404295 0.54342 4
1732324414908 0.44041 5
1732324425474 0.45796 6
1732324436101 0.54101 7
1732324446619 0.68523 8
1732324457148 0.37449 9
1732324467633 0.59493 10
1732324478183 0.67882 11
1732324488762 0.38149 12
1732324499361 0.59893 13
1732324509894 0.50623 14
1732324520461 0.52936 15
1732324531029 0.59029 16
1732324541535 0.34794 17
1732324552075 0.31508 18
1732324562617 0.46982 19
1732324573218 0.46197 20
1732324583732 0.38748 21
1732324594302 0.58686 22
1732324604828 0.5658 23
1732324615378 0.3787 24
1732324625881 0.79751 25
1732324636415 0.29221 26
1732324646950 0.57069 27
1732324657530 0.62682 28
1732324668036 0.43294 29
1732324678564 0.47423 30
1732324689105 0.41695 31
1732324699634 0.63233 32
1732324710161 0.39426 33
1732324720683 0.32648 34
1732324731221 0.39034 35
1732324741756 0.39412 36
1732324752263 0.54789 37
1732324762779 0.48727 38
1732324773284 0.4768 39
1732324784717 0.43139 40
1732324795253 0.48577 41
1732324805673 0.42336 42
1732324816129 0.52133 43
1732324826598 0.53983 44
1732324837039 0.59126 45
1732324847478 0.58052 46
1732324857951 0.51366 47
1732324868414 0.53435 48
1732324878850 0.5493 49
1732324883809 0.4919533160051757 49
