1732324361581 0.07143 0
1732324372528 0.16268 1
1732324383146 0.30347 2
1732324393733 0.28561 3
1732324404295 0.18467 4
1732324414908 0.30617 5
1732324425474 0.40441 6
1732324436101 0.33213 7
1732324446619 0.22261 8
1732324457148 0.32684 9
1732324467633 0.23266 10
1732324478183 0.25867 11
1732324488762 0.52835 12
1732324499361 0.43667 13
1732324509894 0.5015 14
1732324520461 0.48682 15
1732324531029 0.5521 16
1732324541535 0.52082 17
1732324552075 0.73122 18
1732324562617 0.49239 19
1732324573218 0.61367 20
1732324583732 0.49351 21
1732324594302 0.49296 22
1732324604828 0.58423 23
1732324615378 0.62795 24
1732324625881 0.46174 25
1732324636415 0.53024 26
1732324646950 0.62617 27
1732324657530 0.43929 28
1732324668036 0.65315 29
1732324678564 0.69261 30
1732324689105 0.66074 31
1732324699634 0.52454 32
1732324710161 0.76117 33
1732324720683 0.71088 34
1732324731221 0.68235 35
1732324741756 0.75801 36
1732324752263 0.64403 37
1732324762779 0.62883 38
1732324773284 0.60535 39
1732324784717 0.64497 40
1732324795253 0.70725 41
1732324805673 0.6677 42
1732324816129 0.63297 43
1732324826598 0.6476 44
1732324837039 0.62885 45
1732324847478 0.57973 46
1732324857951 0.61767 47
1732324868414 0.63762 48
1732324878850 0.59324 49
1732324883809 0.7116448389432464 49
