1732168891744 0.05038 0
1732168909119 0.03675 1
1732168926471 0.06312 2
1732168943496 0.06544 3
1732168960646 0.08989 4
1732168977703 0.08906 5
1732168994872 0.13508 6
1732169011981 0.1393 7
1732169028997 0.13347 8
1732169046115 0.19782 9
1732169063125 0.15212 10
1732169080119 0.17943 11
1732169097308 0.23836 12
1732169114350 0.15956 13
1732169131369 0.19462 14
1732169148432 0.18718 15
1732169165471 0.21957 16
1732169182511 0.2074 17
1732169199518 0.17596 18
1732169216617 0.16598 19
1732169233682 0.21358 20
1732169250721 0.18949 21
1732169267837 0.24163 22
1732169284899 0.24278 23
1732169301949 0.23076 24
1732169318979 0.19789 25
1732169336048 0.23056 26
1732169353139 0.21787 27
1732169370186 0.24452 28
1732169387406 0.2504 29
1732169404446 0.23763 30
1732169421521 0.20079 31
1732169438556 0.2106 32
1732169455581 0.23702 33
1732169472557 0.25047 34
1732169489612 0.24979 35
1732169506769 0.27378 36
1732169523954 0.32149 37
1732169540961 0.19505 38
1732169558001 0.20657 39
1732169575805 0.22812 40
1732169592804 0.25947 41
1732169609754 0.29279 42
1732169626755 0.22452 43
1732169643765 0.25032 44
1732169660787 0.24966 45
1732169677710 0.21897 46
1732169694659 0.23556 47
1732169711617 0.23802 48
1732169728554 0.25323 49
1732169733243 0.32125341107968647 49
