1732168891744 0.13458 0
1732168909119 0.14145 1
1732168926471 0.17991 2
1732168943496 0.15383 3
1732168960646 0.24279 4
1732168977703 0.24354 5
1732168994872 0.3045 6
1732169011981 0.42916 7
1732169028997 0.39635 8
1732169046115 0.59467 9
1732169063125 0.49908 10
1732169080119 0.39857 11
1732169097308 0.52451 12
1732169114350 0.44413 13
1732169131369 0.46574 14
1732169148432 0.46904 15
1732169165471 0.48836 16
1732169182511 0.48968 17
1732169199518 0.38252 18
1732169216617 0.38168 19
1732169233682 0.40795 20
1732169250721 0.42804 21
1732169267837 0.64125 22
1732169284899 0.58577 23
1732169301949 0.52488 24
1732169318979 0.52915 25
1732169336048 0.54374 26
1732169353139 0.45851 27
1732169370186 0.52862 28
1732169387406 0.56465 29
1732169404446 0.55553 30
1732169421521 0.47367 31
1732169438556 0.41996 32
1732169455581 0.50337 33
1732169472557 0.55361 34
1732169489612 0.55256 35
1732169506769 0.55694 36
1732169523954 0.58822 37
1732169540961 0.43881 38
1732169558001 0.45727 39
1732169575805 0.48604 40
1732169592804 0.54731 41
1732169609754 0.57254 42
1732169626755 0.3936 43
1732169643765 0.55624 44
1732169660787 0.53913 45
1732169677710 0.50509 46
1732169694659 0.50468 47
1732169711617 0.50305 48
1732169728554 0.50808 49
1732169733243 0.5884039456220588 49
