1732168891744 0.65334 0
1732168909119 0.32567 1
1732168926471 0.43267 2
1732168943496 0.54125 3
1732168960646 0.3754 4
1732168977703 0.59015 5
1732168994872 0.5435 6
1732169011981 0.23266 7
1732169028997 0.23074 8
1732169046115 0.46622 9
1732169063125 0.4936 10
1732169080119 0.57777 11
1732169097308 0.64442 12
1732169114350 0.46911 13
1732169131369 0.40759 14
1732169148432 0.42648 15
1732169165471 0.39948 16
1732169182511 0.72195 17
1732169199518 0.25655 18
1732169216617 0.71961 19
1732169233682 0.47053 20
1732169250721 0.38877 21
1732169267837 0.49029 22
1732169284899 0.40541 23
1732169301949 0.49557 24
1732169318979 0.50538 25
1732169336048 0.61335 26
1732169353139 0.41373 27
1732169370186 0.69591 28
1732169387406 0.56028 29
1732169404446 0.55966 30
1732169421521 0.39683 31
1732169438556 0.39267 32
1732169455581 0.34705 33
1732169472557 0.39744 34
1732169489612 0.47599 35
1732169506769 0.56633 36
1732169523954 0.54111 37
1732169540961 0.41803 38
1732169558001 0.39731 39
1732169575805 0.61662 40
1732169592804 0.45349 41
1732169609754 0.57325 42
1732169626755 0.33411 43
1732169643765 0.47556 44
1732169660787 0.50532 45
1732169677710 0.48111 46
1732169694659 0.47062 47
1732169711617 0.44824 48
1732169728554 0.46809 49
1732169733243 0.5378595735285787 49
