1732168891744 0.21632 0
1732168909119 0.21194 1
1732168926471 0.2824 2
1732168943496 0.19356 3
1732168960646 0.34645 4
1732168977703 0.1948 5
1732168994872 0.25064 6
1732169011981 0.59031 7
1732169028997 0.50296 8
1732169046115 0.40569 9
1732169063125 0.41136 10
1732169080119 0.41369 11
1732169097308 0.49847 12
1732169114350 0.38625 13
1732169131369 0.61724 14
1732169148432 0.50236 15
1732169165471 0.57776 16
1732169182511 0.38338 17
1732169199518 0.53324 18
1732169216617 0.27519 19
1732169233682 0.46474 20
1732169250721 0.44932 21
1732169267837 0.65262 22
1732169284899 0.70474 23
1732169301949 0.6376 24
1732169318979 0.60502 25
1732169336048 0.59297 26
1732169353139 0.45637 27
1732169370186 0.49048 28
1732169387406 0.59161 29
1732169404446 0.63858 30
1732169421521 0.51676 31
1732169438556 0.55709 32
1732169455581 0.70653 33
1732169472557 0.57836 34
1732169489612 0.65276 35
1732169506769 0.49204 36
1732169523954 0.64915 37
1732169540961 0.46436 38
1732169558001 0.49544 39
1732169575805 0.49046 40
1732169592804 0.61781 41
1732169609754 0.4951 42
1732169626755 0.51296 43
1732169643765 0.68352 44
1732169660787 0.67561 45
1732169677710 0.64633 46
1732169694659 0.63724 47
1732169711617 0.63446 48
1732169728554 0.63925 49
1732169733243 0.6497266233820856 49
