1732214123081 0.05706 0
1732214142917 0.00777 1
1732214162722 0.03804 2
1732214182434 0.05053 3
1732214202447 0.10471 4
1732214222515 0.22306 5
1732214242023 0.07764 6
1732214262027 0.30984 7
1732214281598 0.2403 8
1732214301001 0.11298 9
1732214321015 0.35271 10
1732214340460 0.18094 11
1732214359962 0.20931 12
1732214399783 0.05706 0
1732214420227 0.00707 1
1732214440195 0.02329 2
1732214460152 0.04664 3
1732214479894 0.07333 4
1732214500265 0.08033 5
1732214520550 0.27504 6
1732214540211 0.05338 7
1732214560442 0.21242 8
1732214580532 0.25294 9
1732214600806 0.2428 10
1732214620474 0.18565 11
1732214640342 0.32843 12
1732214660552 0.42555 13
1732214680265 0.14328 14
1732214700091 0.33837 15
1732214719723 0.27191 16
1732214739352 0.26433 17
1732214758971 0.2564 18
1732214778650 0.26735 19
1732214798500 0.26483 20
1732214818463 0.4606 21
1732214838758 0.51524 22
1732214858557 0.32835 23
1732214878341 0.32791 24
1732214898894 0.60205 25
1732214918712 0.4755 26
1732214938390 0.43737 27
1732214958070 0.4594 28
1732214977916 0.45338 29
1732214997654 0.357 30
1732215017416 0.37159 31
1732215037045 0.44463 32
1732215057385 0.4376 33
1732215077075 0.51407 34
1732215096724 0.44813 35
1732215116486 0.53835 36
1732215136381 0.48449 37
1732215156119 0.48065 38
1732215175695 0.42918 39
1732215195985 0.51512 40
1732215216131 0.63265 41
1732215235986 0.63197 42
1732215255601 0.5866 43
1732215275464 0.56052 44
1732215295068 0.51411 45
1732215314811 0.52398 46
1732215334444 0.52117 47
1732215354286 0.67386 48
1732215374061 0.49414 49
1732215393942 0.59511 50
1732215413777 0.5675 51
1732215433470 0.53676 52
1732215453216 0.61906 53
1732215473081 0.69383 54
1732215492805 0.68673 55
1732215512546 0.62498 56
1732215532386 0.63178 57
1732215552217 0.53378 58
1732215572101 0.58259 59
1732215593588 0.62171 60
1732215613418 0.61946 61
1732215633736 0.64044 62
1732215653365 0.6444 63
1732215673501 0.66823 64
1732215693894 0.67423 65
1732215713657 0.67364 66
1732215733379 0.67843 67
1732215754517 0.67383 68
1732215774636 0.68814 69
1732215780039 0.6826663184823352 69
