1732214123081 0.02453 0
1732214142917 0.00217 1
1732214162722 0.01065 2
1732214182434 0.0156 3
1732214202447 0.0335 4
1732214222515 0.05389 5
1732214242023 0.02089 6
1732214262027 0.09736 7
1732214281598 0.07559 8
1732214301001 0.03802 9
1732214321015 0.12595 10
1732214340460 0.0793 11
1732214359962 0.0763 12
1732214399783 0.02453 0
1732214420227 0.00265 1
1732214440195 0.00888 2
1732214460152 0.016 3
1732214479894 0.01936 4
1732214500265 0.02942 5
1732214520550 0.05667 6
1732214540211 0.02005 7
1732214560442 0.08437 8
1732214580532 0.08623 9
1732214600806 0.1103 10
1732214620474 0.08091 11
1732214640342 0.0837 12
1732214660552 0.17841 13
1732214680265 0.05928 14
1732214700091 0.15174 15
1732214719723 0.12279 16
1732214739352 0.09819 17
1732214758971 0.11552 18
1732214778650 0.12539 19
1732214798500 0.1069 20
1732214818463 0.15318 21
1732214838758 0.21055 22
1732214858557 0.16057 23
1732214878341 0.14322 24
1732214898894 0.25816 25
1732214918712 0.20929 26
1732214938390 0.16818 27
1732214958070 0.17473 28
1732214977916 0.15647 29
1732214997654 0.18962 30
1732215017416 0.16837 31
1732215037045 0.21805 32
1732215057385 0.29162 33
1732215077075 0.21878 34
1732215096724 0.15604 35
1732215116486 0.27569 36
1732215136381 0.20041 37
1732215156119 0.18476 38
1732215175695 0.21907 39
1732215195985 0.28433 40
1732215216131 0.31531 41
1732215235986 0.28612 42
1732215255601 0.26108 43
1732215275464 0.23286 44
1732215295068 0.23959 45
1732215314811 0.23068 46
1732215334444 0.26749 47
1732215354286 0.28364 48
1732215374061 0.23255 49
1732215393942 0.22863 50
1732215413777 0.27752 51
1732215433470 0.27903 52
1732215453216 0.31521 53
1732215473081 0.28452 54
1732215492805 0.28391 55
1732215512546 0.26941 56
1732215532386 0.28231 57
1732215552217 0.25911 58
1732215572101 0.31874 59
1732215593588 0.31686 60
1732215613418 0.31012 61
1732215633736 0.32508 62
1732215653365 0.30017 63
1732215673501 0.35802 64
1732215693894 0.35816 65
1732215713657 0.35767 66
1732215733379 0.34753 67
1732215754517 0.359 68
1732215774636 0.37489 69
1732215780039 0.37456756545295905 69
