1732214123081 0.74854 0
1732214142917 0.02017 1
1732214162722 0.18949 2
1732214182434 0.61923 3
1732214202447 0.27836 4
1732214222515 0.45657 5
1732214242023 0.4081 6
1732214262027 0.20034 7
1732214281598 0.45327 8
1732214301001 0.25484 9
1732214321015 0.62098 10
1732214340460 0.33762 11
1732214359962 0.49677 12
1732214399783 0.74854 0
1732214420227 0.01147 1
1732214440195 0.44637 2
1732214460152 0.20993 3
1732214479894 0.32572 4
1732214500265 0.36715 5
1732214520550 0.71006 6
1732214540211 0.61903 7
1732214560442 0.31901 8
1732214580532 0.7235 9
1732214600806 0.65131 10
1732214620474 0.25709 11
1732214640342 0.53664 12
1732214660552 0.20355 13
1732214680265 0.30163 14
1732214700091 0.65914 15
1732214719723 0.4214 16
1732214739352 0.28117 17
1732214758971 0.24272 18
1732214778650 0.28272 19
1732214798500 0.22646 20
1732214818463 0.26137 21
1732214838758 0.46785 22
1732214858557 0.47152 23
1732214878341 0.23366 24
1732214898894 0.45558 25
1732214918712 0.34101 26
1732214938390 0.54678 27
1732214958070 0.48404 28
1732214977916 0.6283 29
1732214997654 0.35086 30
1732215017416 0.33763 31
1732215037045 0.48964 32
1732215057385 0.42837 33
1732215077075 0.65516 34
1732215096724 0.33628 35
1732215116486 0.38504 36
1732215136381 0.55685 37
1732215156119 0.50881 38
1732215175695 0.42823 39
1732215195985 0.44316 40
1732215216131 0.44071 41
1732215235986 0.51759 42
1732215255601 0.54153 43
1732215275464 0.55255 44
1732215295068 0.45076 45
1732215314811 0.70235 46
1732215334444 0.5012 47
1732215354286 0.63956 48
1732215374061 0.36163 49
1732215393942 0.55727 50
1732215413777 0.5377 51
1732215433470 0.7148 52
1732215453216 0.57773 53
1732215473081 0.70049 54
1732215492805 0.59733 55
1732215512546 0.6752 56
1732215532386 0.648 57
1732215552217 0.55627 58
1732215572101 0.49758 59
1732215593588 0.63387 60
1732215613418 0.37634 61
1732215633736 0.58893 62
1732215653365 0.64913 63
1732215673501 0.5591 64
1732215693894 0.66251 65
1732215713657 0.63965 66
1732215733379 0.67364 67
1732215754517 0.65459 68
1732215774636 0.65803 69
1732215780039 0.6217758971320124 69
