1732214123081 0.12245 0
1732214142917 0.04401 1
1732214162722 0.11579 2
1732214182434 0.05782 3
1732214202447 0.37147 4
1732214222515 0.22619 5
1732214242023 0.19155 6
1732214262027 0.48998 7
1732214281598 0.31572 8
1732214301001 0.26719 9
1732214321015 0.24253 10
1732214340460 0.2116 11
1732214359962 0.22887 12
1732214399783 0.12245 0
1732214420227 0.01645 1
1732214440195 0.12188 2
1732214460152 0.24498 3
1732214479894 0.27065 4
1732214500265 0.11485 5
1732214520550 0.14059 6
1732214540211 0.06122 7
1732214560442 0.25119 8
1732214580532 0.11587 9
1732214600806 0.19662 10
1732214620474 0.25208 11
1732214640342 0.28511 12
1732214660552 0.53887 13
1732214680265 0.15997 14
1732214700091 0.21994 15
1732214719723 0.2368 16
1732214739352 0.46204 17
1732214758971 0.26182 18
1732214778650 0.29568 19
1732214798500 0.48325 20
1732214818463 0.56854 21
1732214838758 0.4404 22
1732214858557 0.39049 23
1732214878341 0.49424 24
1732214898894 0.63464 25
1732214918712 0.49272 26
1732214938390 0.40097 27
1732214958070 0.43847 28
1732214977916 0.39528 29
1732214997654 0.35051 30
1732215017416 0.34725 31
1732215037045 0.47262 32
1732215057385 0.37743 33
1732215077075 0.5298 34
1732215096724 0.68053 35
1732215116486 0.63869 36
1732215136381 0.56725 37
1732215156119 0.49507 38
1732215175695 0.41489 39
1732215195985 0.52051 40
1732215216131 0.70733 41
1732215235986 0.577 42
1732215255601 0.62835 43
1732215275464 0.57016 44
1732215295068 0.44143 45
1732215314811 0.4849 46
1732215334444 0.51193 47
1732215354286 0.65607 48
1732215374061 0.59084 49
1732215393942 0.61487 50
1732215413777 0.62024 51
1732215433470 0.46724 52
1732215453216 0.63639 53
1732215473081 0.57984 54
1732215492805 0.65793 55
1732215512546 0.62452 56
1732215532386 0.64535 57
1732215552217 0.52929 58
1732215572101 0.59995 59
1732215593588 0.47063 60
1732215613418 0.71631 61
1732215633736 0.63585 62
1732215653365 0.59637 63
1732215673501 0.65388 64
1732215693894 0.62743 65
1732215713657 0.61203 66
1732215733379 0.62983 67
1732215754517 0.60954 68
1732215774636 0.64565 69
1732215780039 0.667194522375612 69
