1732168890700 0.0002984776119402985 0
1732168908146 0.0005895683552238805 1
1732168925258 0.0008686602985074626 2
1732168942562 0.0008550054 3
1732168959578 0.0008370072 4
1732168976768 0.000819009 5
1732168993775 0.0008010108 6
1732169010946 0.0007830125999999999 7
1732169028051 0.0007650144 8
1732169045089 0.0007470162 9
1732169062184 0.000729018 10
1732169079211 0.0007110198 11
1732169096228 0.0006930215999999999 12
1732169113392 0.0006750234 13
1732169130426 0.0006570252 14
1732169147481 0.0006390269999999999 15
1732169164536 0.0006210287999999999 16
1732169181594 0.0006030305999999998 17
1732169198604 0.0005850324 18
1732169215686 0.0005670342 19
1732169232767 0.0005490359999999999 20
1732169249805 0.0005310378 21
1732169266811 0.0005130396 22
1732169283963 0.0004950414 23
1732169301016 0.00047704320000000003 24
1732169318046 0.000459045 25
1732169335099 0.00044104679999999995 26
1732169352183 0.00042304859999999997 27
1732169369272 0.0004050503999999999 28
1732169386312 0.00038705220000000005 29
1732169403496 0.000369054 30
1732169420567 0.00035105579999999997 31
1732169437640 0.0003330576 32
1732169454664 0.00031505939999999994 33
1732169471649 0.00029706119999999995 34
1732169488697 0.000279063 35
1732169505741 0.0002610648 36
1732169522896 0.00024306660000000002 37
1732169540046 0.00022506839999999998 38
1732169557077 0.00020707019999999997 39
1732169574885 0.00018907199999999995 40
1732169591888 0.00017107380000000005 41
1732169608821 0.00015307560000000004 42
1732169625782 0.0001350774 43
1732169642824 0.0001170792 44
1732169659820 9.908099999999997e-05 45
1732169676806 8.108279999999995e-05 46
1732169693748 6.308460000000004e-05 47
1732169710705 4.5086400000000036e-05 48
1732169727675 2.708820000000002e-05 49
