1732214121554 2.44016 0
1732214141110 2.29526 1
1732214160869 2.33812 2
1732214180575 2.33007 3
1732214200293 2.33426 4
1732214220304 2.27727 5
1732214240452 2.23981 6
1732214259895 2.18418 7
1732214279900 2.19535 8
1732214299481 2.1365 9
1732214318901 2.13877 10
1732214338900 2.14422 11
1732214358325 2.08573 12
1732214398349 2.44016 0
1732214418098 2.31083 1
1732214438535 2.3535 2
1732214458307 2.34128 3
1732214478261 2.29934 4
1732214498152 2.25935 5
1732214518423 2.28197 6
1732214538682 2.18485 7
1732214558325 2.18348 8
1732214578399 2.12885 9
1732214598682 2.15093 10
1732214618890 2.15098 11
1732214638565 2.09158 12
1732214658426 2.08369 13
1732214678756 2.03931 14
1732214698443 2.04652 15
1732214718159 2.04914 16
1732214737845 2.01178 17
1732214757607 1.96602 18
1732214777120 1.97662 19
1732214796772 1.98457 20
1732214816784 1.98352 21
1732214836632 1.94824 22
1732214856874 1.927 23
1732214876699 1.96238 24
1732214896698 1.87943 25
1732214917128 1.86891 26
1732214936809 1.8497 27
1732214956463 1.86363 28
1732214976218 1.86125 29
1732214996059 1.82701 30
1732215015737 1.80036 31
1732215035394 1.81029 32
1732215055222 1.79525 33
1732215075542 1.774 34
1732215095235 1.78729 35
1732215114853 1.73291 36
1732215134810 1.74338 37
1732215154527 1.74762 38
1732215174213 1.72123 39
1732215193865 1.73678 40
1732215214169 1.68298 41
1732215234379 1.67719 42
1732215254075 1.67122 43
1732215273693 1.62448 44
1732215293599 1.64308 45
1732215313234 1.62607 46
1732215332887 1.60453 47
1732215352609 1.60384 48
1732215372458 1.59903 49
1732215392261 1.54489 50
1732215412089 1.57797 51
1732215431949 1.54345 52
1732215451573 1.50974 53
1732215471501 1.52172 54
1732215491207 1.481 55
1732215510902 1.51933 56
1732215530646 1.52383 57
1732215550571 1.5068 58
1732215570394 1.45091 59
1732215591421 1.49353 60
1732215611765 1.50555 61
1732215631569 1.47136 62
1732215651859 1.45989 63
1732215671395 1.41478 64
1732215691568 1.41441 65
1732215711995 1.39728 66
1732215731661 1.37296 67
1732215751439 1.36519 68
1732215772533 1.38726 69
