1732214121554 4.14576 0
1732214141110 2.75531 1
1732214160869 2.60735 2
1732214180575 2.43468 3
1732214200293 2.40634 4
1732214220304 2.32611 5
1732214240452 2.19696 6
1732214259895 2.1425 7
1732214279900 2.08517 8
1732214299481 2.12729 9
1732214318901 2.06454 10
1732214338900 2.04843 11
1732214358325 2.02416 12
1732214398349 4.14576 0
1732214418098 2.74875 1
1732214438535 2.64565 2
1732214458307 2.45477 3
1732214478261 2.52082 4
1732214498152 2.35888 5
1732214518423 2.27511 6
1732214538682 2.15309 7
1732214558325 2.12996 8
1732214578399 2.15888 9
1732214598682 2.10598 10
1732214618890 2.053 11
1732214638565 1.99951 12
1732214658426 1.95298 13
1732214678756 1.95077 14
1732214698443 2.00025 15
1732214718159 1.90338 16
1732214737845 1.92604 17
1732214757607 1.89777 18
1732214777120 1.82837 19
1732214796772 1.78708 20
1732214816784 1.77839 21
1732214836632 1.79715 22
1732214856874 1.71666 23
1732214876699 1.74803 24
1732214896698 1.66567 25
1732214917128 1.6713 26
1732214936809 1.66291 27
1732214956463 1.65338 28
1732214976218 1.66186 29
1732214996059 1.62815 30
1732215015737 1.53658 31
1732215035394 1.62597 32
1732215055222 1.55288 33
1732215075542 1.54569 34
1732215095235 1.54022 35
1732215114853 1.52576 36
1732215134810 1.46051 37
1732215154527 1.44867 38
1732215174213 1.45805 39
1732215193865 1.4606 40
1732215214169 1.46102 41
1732215234379 1.36347 42
1732215254075 1.37432 43
1732215273693 1.3718 44
1732215293599 1.37897 45
1732215313234 1.31992 46
1732215332887 1.33752 47
1732215352609 1.28728 48
1732215372458 1.22396 49
1732215392261 1.20268 50
1732215412089 1.25315 51
1732215431949 1.20889 52
1732215451573 1.23281 53
1732215471501 1.23391 54
1732215491207 1.17558 55
1732215510902 1.1599 56
1732215530646 1.19793 57
1732215550571 1.18218 58
1732215570394 1.12233 59
1732215591421 1.25836 60
1732215611765 1.1865 61
1732215631569 1.1711 62
1732215651859 1.0984 63
1732215671395 1.16588 64
1732215691568 1.08842 65
1732215711995 1.07662 66
1732215731661 1.06491 67
1732215751439 1.02314 68
1732215772533 1.04901 69
