1732214121554 1.78639 0
1732214141110 1.58007 1
1732214160869 1.63914 2
1732214180575 1.6688 3
1732214200293 1.65097 4
1732214220304 1.61906 5
1732214240452 1.57854 6
1732214259895 1.59231 7
1732214279900 1.54793 8
1732214299481 1.55758 9
1732214318901 1.54296 10
1732214338900 1.52375 11
1732214358325 1.5104 12
1732214398349 1.78639 0
1732214418098 1.62438 1
1732214438535 1.64968 2
1732214458307 1.65945 3
1732214478261 1.65044 4
1732214498152 1.61915 5
1732214518423 1.61012 6
1732214538682 1.58135 7
1732214558325 1.53463 8
1732214578399 1.55788 9
1732214598682 1.55498 10
1732214618890 1.53339 11
1732214638565 1.51626 12
1732214658426 1.50886 13
1732214678756 1.49331 14
1732214698443 1.52224 15
1732214718159 1.49445 16
1732214737845 1.44258 17
1732214757607 1.45334 18
1732214777120 1.45877 19
1732214796772 1.41149 20
1732214816784 1.43299 21
1732214836632 1.42122 22
1732214856874 1.4045 23
1732214876699 1.41891 24
1732214896698 1.39916 25
1732214917128 1.39716 26
1732214936809 1.40405 27
1732214956463 1.39809 28
1732214976218 1.38738 29
1732214996059 1.38637 30
1732215015737 1.38205 31
1732215035394 1.3823 32
1732215055222 1.34632 33
1732215075542 1.34726 34
1732215095235 1.34602 35
1732215114853 1.32346 36
1732215134810 1.31744 37
1732215154527 1.34124 38
1732215174213 1.3048 39
1732215193865 1.32089 40
1732215214169 1.27915 41
1732215234379 1.28184 42
1732215254075 1.28951 43
1732215273693 1.27625 44
1732215293599 1.2895 45
1732215313234 1.27881 46
1732215332887 1.27948 47
1732215352609 1.25601 48
1732215372458 1.22886 49
1732215392261 1.21943 50
1732215412089 1.23624 51
1732215431949 1.21846 52
1732215451573 1.23402 53
1732215471501 1.2183 54
1732215491207 1.21137 55
1732215510902 1.2075 56
1732215530646 1.23392 57
1732215550571 1.20978 58
1732215570394 1.18539 59
1732215591421 1.21588 60
1732215611765 1.21259 61
1732215631569 1.21621 62
1732215651859 1.18131 63
1732215671395 1.18061 64
1732215691568 1.20642 65
1732215711995 1.16407 66
1732215731661 1.17282 67
1732215751439 1.18813 68
1732215772533 1.16926 69
