1732302115781 2.1348 0
1732302133141 2.00548 1
1732302150563 2.0243 2
1732302167927 1.99196 3
1732302185291 1.96199 4
1732302202472 1.91254 5
1732302219816 1.88062 6
1732302236930 1.86871 7
1732302254294 1.87453 8
1732302271536 1.83958 9
1732302288780 1.80556 10
1732302306087 1.8226 11
1732302323339 1.79904 12
1732302340434 1.7731 13
1732302357607 1.76037 14
1732302374688 1.73277 15
1732302391812 1.73861 16
1732302408982 1.71744 17
1732302426265 1.70387 18
1732302443454 1.68916 19
1732302460824 1.68132 20
1732302477956 1.67211 21
1732302495063 1.68652 22
1732302512328 1.64716 23
1732302529446 1.64941 24
1732302546517 1.62593 25
1732302563579 1.66879 26
1732302580791 1.6251 27
1732302597940 1.60701 28
1732302615148 1.60459 29
1732302632276 1.5992 30
1732302649513 1.58441 31
1732302666618 1.57204 32
1732302683765 1.55209 33
1732302700861 1.54563 34
1732302717988 1.52729 35
1732302735171 1.52643 36
1732302752368 1.52935 37
1732302769584 1.51344 38
1732302786745 1.48136 39
1732302803852 1.5237 40
1732302820984 1.47819 41
1732302838034 1.46969 42
1732302855111 1.4536 43
1732302872221 1.46309 44
1732302889410 1.41802 45
1732302906604 1.43792 46
1732302923769 1.42091 47
1732302940895 1.42666 48
1732302958270 1.40312 49
1732302975374 1.36247 50
1732302992545 1.35258 51
1732303009854 1.37023 52
1732303027021 1.38379 53
1732303044129 1.34507 54
1732303061404 1.32576 55
1732303078658 1.31799 56
1732303095783 1.35524 57
1732303112867 1.29136 58
1732303130153 1.32369 59
1732303147224 1.27771 60
1732303164308 1.27399 61
1732303181355 1.25284 62
1732303198468 1.25414 63
1732303215581 1.24225 64
1732303232651 1.23943 65
1732303249865 1.22067 66
1732303266955 1.18812 67
1732303284031 1.16879 68
1732303301174 1.20158 69
1732303318209 1.15746 70
1732303335300 1.14162 71
1732303352365 1.15093 72
1732303369445 1.13981 73
1732303386518 1.1398 74
1732303403568 1.11726 75
1732303420663 1.10679 76
1732303437747 1.10725 77
1732303454758 1.09171 78
1732303471839 1.08702 79
1732303488971 1.0973 80
1732303506056 1.0612 81
1732303523136 1.042 82
1732303540272 1.05108 83
1732303557348 1.03554 84
1732303574479 1.0652 85
1732303591575 1.03074 86
1732303608721 1.0185 87
1732303625887 0.99934 88
1732303643055 1.01167 89
1732303660979 1.00516 90
1732303678112 0.90593 91
1732303695200 0.88796 92
1732303712222 0.88263 93
1732303729189 0.86109 94
1732303746194 0.84752 95
1732303763224 0.83285 96
1732303780304 0.79794 97
1732303797489 0.82845 98
1732303814529 0.81137 99
