1732302115781 3.60424 0
1732302133141 2.66842 1
1732302150563 2.5586 2
1732302167927 2.49237 3
1732302185291 2.45656 4
1732302202472 2.38832 5
1732302219816 2.32273 6
1732302236930 2.31292 7
1732302254294 2.27813 8
1732302271536 2.29512 9
1732302288780 2.25582 10
1732302306087 2.21836 11
1732302323339 2.20944 12
1732302340434 2.15782 13
1732302357607 2.10704 14
1732302374688 2.16618 15
1732302391812 2.10687 16
1732302408982 2.06536 17
1732302426265 2.04505 18
1732302443454 2.03852 19
1732302460824 2.02499 20
1732302477956 1.99644 21
1732302495063 1.97922 22
1732302512328 2.00301 23
1732302529446 1.97686 24
1732302546517 1.96668 25
1732302563579 1.98573 26
1732302580791 1.92134 27
1732302597940 1.86694 28
1732302615148 1.89191 29
1732302632276 1.84817 30
1732302649513 1.8275 31
1732302666618 1.82069 32
1732302683765 1.79505 33
1732302700861 1.75982 34
1732302717988 1.71494 35
1732302735171 1.7291 36
1732302752368 1.69699 37
1732302769584 1.68859 38
1732302786745 1.65504 39
1732302803852 1.68647 40
1732302820984 1.64372 41
1732302838034 1.63886 42
1732302855111 1.59717 43
1732302872221 1.60973 44
1732302889410 1.54086 45
1732302906604 1.55497 46
1732302923769 1.52437 47
1732302940895 1.52332 48
1732302958270 1.48984 49
1732302975374 1.44059 50
1732302992545 1.394 51
1732303009854 1.44178 52
1732303027021 1.40613 53
1732303044129 1.40533 54
1732303061404 1.36718 55
1732303078658 1.35222 56
1732303095783 1.3702 57
1732303112867 1.31409 58
1732303130153 1.32996 59
1732303147224 1.31574 60
1732303164308 1.26757 61
1732303181355 1.25242 62
1732303198468 1.22125 63
1732303215581 1.2293 64
1732303232651 1.21112 65
1732303249865 1.20695 66
1732303266955 1.17522 67
1732303284031 1.13452 68
1732303301174 1.12922 69
1732303318209 1.08918 70
1732303335300 1.10519 71
1732303352365 1.07554 72
1732303369445 1.06216 73
1732303386518 1.0462 74
1732303403568 1.0673 75
1732303420663 1.03197 76
1732303437747 1.03276 77
1732303454758 1.00136 78
1732303471839 0.99526 79
1732303488971 1.00521 80
1732303506056 0.95143 81
1732303523136 0.9437 82
1732303540272 0.93682 83
1732303557348 0.92326 84
1732303574479 0.94268 85
1732303591575 0.94167 86
1732303608721 0.90447 87
1732303625887 0.88122 88
1732303643055 0.87247 89
1732303660979 0.88783 90
1732303678112 0.75972 91
1732303695200 0.72629 92
1732303712222 0.71741 93
1732303729189 0.69394 94
1732303746194 0.67727 95
1732303763224 0.66472 96
1732303780304 0.63745 97
1732303797489 0.66084 98
1732303814529 0.64853 99
