1732302115781 2.06258 0
1732302133141 1.97502 1
1732302150563 2.01003 2
1732302167927 1.97938 3
1732302185291 1.96866 4
1732302202472 1.96282 5
1732302219816 1.90585 6
1732302236930 1.89151 7
1732302254294 1.89063 8
1732302271536 1.88867 9
1732302288780 1.86582 10
1732302306087 1.86274 11
1732302323339 1.85452 12
1732302340434 1.82434 13
1732302357607 1.82297 14
1732302374688 1.82536 15
1732302391812 1.79957 16
1732302408982 1.77396 17
1732302426265 1.7633 18
1732302443454 1.77284 19
1732302460824 1.75141 20
1732302477956 1.75255 21
1732302495063 1.76102 22
1732302512328 1.76106 23
1732302529446 1.73986 24
1732302546517 1.73577 25
1732302563579 1.75526 26
1732302580791 1.72295 27
1732302597940 1.68622 28
1732302615148 1.7069 29
1732302632276 1.69129 30
1732302649513 1.67992 31
1732302666618 1.67178 32
1732302683765 1.67427 33
1732302700861 1.64864 34
1732302717988 1.63612 35
1732302735171 1.63686 36
1732302752368 1.62673 37
1732302769584 1.60801 38
1732302786745 1.60082 39
1732302803852 1.62516 40
1732302820984 1.58909 41
1732302838034 1.59776 42
1732302855111 1.57522 43
1732302872221 1.57457 44
1732302889410 1.53434 45
1732302906604 1.55727 46
1732302923769 1.5524 47
1732302940895 1.55788 48
1732302958270 1.51672 49
1732302975374 1.50684 50
1732302992545 1.47586 51
1732303009854 1.50356 52
1732303027021 1.50307 53
1732303044129 1.48449 54
1732303061404 1.47462 55
1732303078658 1.46342 56
1732303095783 1.49097 57
1732303112867 1.44301 58
1732303130153 1.4427 59
1732303147224 1.4412 60
1732303164308 1.43267 61
1732303181355 1.41496 62
1732303198468 1.40621 63
1732303215581 1.40733 64
1732303232651 1.40099 65
1732303249865 1.38275 66
1732303266955 1.37323 67
1732303284031 1.34834 68
1732303301174 1.36562 69
1732303318209 1.33795 70
1732303335300 1.32819 71
1732303352365 1.32874 72
1732303369445 1.32409 73
1732303386518 1.32619 74
1732303403568 1.31458 75
1732303420663 1.29178 76
1732303437747 1.30083 77
1732303454758 1.27952 78
1732303471839 1.27904 79
1732303488971 1.28393 80
1732303506056 1.2665 81
1732303523136 1.26019 82
1732303540272 1.24683 83
1732303557348 1.23684 84
1732303574479 1.25529 85
1732303591575 1.24049 86
1732303608721 1.23173 87
1732303625887 1.20613 88
1732303643055 1.22339 89
1732303660979 1.26487 90
1732303678112 1.18643 91
1732303695200 1.17461 92
1732303712222 1.17351 93
1732303729189 1.15939 94
1732303746194 1.15145 95
1732303763224 1.13264 96
1732303780304 1.12131 97
1732303797489 1.14518 98
1732303814529 1.13098 99
