1732159568547 0.02305 0
1732159711117 0.02319 0
1732159743760 0.005 1
1732159776020 0.00144 2
1732159808026 0.00225 3
1732159840219 0.00943 4
1732159872864 0.02978 5
1732159905084 0.02769 6
1732159937645 0.08301 7
1732159969812 0.06309 8
1732160001781 0.00337 9
1732160033702 0.05713 10
1732160065573 0.08437 11
1732160098265 0.10176 12
1732160130319 0.0808 13
1732160163125 0.12337 14
1732160195136 0.1222 15
1732160227703 0.14597 16
1732160259624 0.12059 17
1732160291764 0.14124 18
1732160323723 0.11146 19
1732160355710 0.11678 20
1732160387629 0.10374 21
1732160419745 0.13311 22
1732160451688 0.13813 23
1732160483636 0.13515 24
1732160515602 0.12843 25
1732160547533 0.13969 26
1732160579476 0.10676 27
1732160611453 0.13341 28
1732160643990 0.17053 29
1732160676576 0.19973 30
1732160708512 0.16893 31
1732160740458 0.16397 32
1732160772389 0.1879 33
1732160804512 0.19453 34
1732160836458 0.15963 35
1732160869238 0.20424 36
1732160901173 0.18845 37
1732160933253 0.17377 38
1732160965841 0.21542 39
1732160998840 0.18308 40
1732161031401 0.21718 41
1732161063282 0.20175 42
1732161095143 0.19813 43
1732161127869 0.22937 44
1732161159678 0.22761 45
1732161192370 0.23669 46
1732161224286 0.23078 47
1732161256981 0.25343 48
1732161288821 0.23893 49
1732161293851 0.25343597421390657 49
