1732159568547 0.06391 0
1732159711117 0.06576 0
1732159743760 0.01533 1
1732159776020 0.00353 2
1732159808026 0.00733 3
1732159840219 0.03245 4
1732159872864 0.07944 5
1732159905084 0.07036 6
1732159937645 0.24429 7
1732159969812 0.1645 8
1732160001781 0.01432 9
1732160033702 0.16841 10
1732160065573 0.22111 11
1732160098265 0.25146 12
1732160130319 0.2372 13
1732160163125 0.34603 14
1732160195136 0.32634 15
1732160227703 0.38479 16
1732160259624 0.32789 17
1732160291764 0.35464 18
1732160323723 0.3104 19
1732160355710 0.34047 20
1732160387629 0.28702 21
1732160419745 0.37512 22
1732160451688 0.38091 23
1732160483636 0.35787 24
1732160515602 0.32678 25
1732160547533 0.3855 26
1732160579476 0.29351 27
1732160611453 0.35629 28
1732160643990 0.41411 29
1732160676576 0.44802 30
1732160708512 0.44659 31
1732160740458 0.42624 32
1732160772389 0.46387 33
1732160804512 0.45158 34
1732160836458 0.43414 35
1732160869238 0.46878 36
1732160901173 0.44209 37
1732160933253 0.41362 38
1732160965841 0.47799 39
1732160998840 0.46796 40
1732161031401 0.51564 41
1732161063282 0.47109 42
1732161095143 0.4799 43
1732161127869 0.53096 44
1732161159678 0.50671 45
1732161192370 0.55119 46
1732161224286 0.55081 47
1732161256981 0.55058 48
1732161288821 0.53876 49
1732161293851 0.5502029775149511 49
