1732159568547 0.14604 0
1732159711117 0.14672 0
1732159743760 0.02149 1
1732159776020 0.01841 2
1732159808026 0.52503 3
1732159840219 0.05883 4
1732159872864 0.57569 5
1732159905084 0.1441 6
1732159937645 0.79472 7
1732159969812 0.17562 8
1732160001781 0.00853 9
1732160033702 0.19013 10
1732160065573 0.19052 11
1732160098265 0.22977 12
1732160130319 0.43308 13
1732160163125 0.35702 14
1732160195136 0.31935 15
1732160227703 0.53799 16
1732160259624 0.36375 17
1732160291764 0.33788 18
1732160323723 0.25128 19
1732160355710 0.33176 20
1732160387629 0.37434 21
1732160419745 0.44123 22
1732160451688 0.39296 23
1732160483636 0.46352 24
1732160515602 0.37704 25
1732160547533 0.35613 26
1732160579476 0.30847 27
1732160611453 0.59634 28
1732160643990 0.35538 29
1732160676576 0.59371 30
1732160708512 0.67372 31
1732160740458 0.55578 32
1732160772389 0.59059 33
1732160804512 0.61061 34
1732160836458 0.74532 35
1732160869238 0.53701 36
1732160901173 0.56333 37
1732160933253 0.44587 38
1732160965841 0.50786 39
1732160998840 0.49774 40
1732161031401 0.66342 41
1732161063282 0.52736 42
1732161095143 0.44453 43
1732161127869 0.57101 44
1732161159678 0.55417 45
1732161192370 0.62329 46
1732161224286 0.5779 47
1732161256981 0.61848 48
1732161288821 0.60112 49
1732161293851 0.612144722457772 49
