1732159568547 0.18342 0
1732159711117 0.18847 0
1732159743760 0.10976 1
1732159776020 0.0223 2
1732159808026 0.03659 3
1732159840219 0.11986 4
1732159872864 0.09042 5
1732159905084 0.08537 6
1732159937645 0.15854 7
1732159969812 0.19808 8
1732160001781 0.34405 9
1732160033702 0.43952 10
1732160065573 0.4336 11
1732160098265 0.44543 12
1732160130319 0.22456 13
1732160163125 0.40546 14
1732160195136 0.45676 15
1732160227703 0.36216 16
1732160259624 0.38569 17
1732160291764 0.45209 18
1732160323723 0.37559 19
1732160355710 0.37349 20
1732160387629 0.37017 21
1732160419745 0.40466 22
1732160451688 0.35415 23
1732160483636 0.38987 24
1732160515602 0.41685 25
1732160547533 0.47696 26
1732160579476 0.41303 27
1732160611453 0.30451 28
1732160643990 0.4609 29
1732160676576 0.35119 30
1732160708512 0.41175 31
1732160740458 0.38849 32
1732160772389 0.42012 33
1732160804512 0.36339 34
1732160836458 0.33395 35
1732160869238 0.46354 36
1732160901173 0.44161 37
1732160933253 0.47364 38
1732160965841 0.47878 39
1732160998840 0.47401 40
1732161031401 0.48847 41
1732161063282 0.46477 42
1732161095143 0.57329 43
1732161127869 0.52339 44
1732161159678 0.4845 45
1732161192370 0.53776 46
1732161224286 0.55068 47
1732161256981 0.55605 48
1732161288821 0.52346 49
1732161293851 0.5560482877556048 49
